0x55bfeb9a82a0
7f 	0 	0 
7f 	45 	0 
7f 	45 	4c 
7f 	45 	4c 
2 	45 	4c 
2 	1 	4c 
2 	1 	1 
2 	1 	1 
0 	1 	1 
0 	0 	1 
0 	0 	0 
0 	0 	0 
0 	0 	0 
0 	0 	0 
0 	0 	0 
0 	0 	0 
3 	0 	0 
3 	0 	0 
3 	0 	3e 
3 	0 	3e 
1 	0 	3e 
1 	0 	3e 
1 	0 	0 
1 	0 	0 
40 	0 	0 
40 	11 	0 
40 	11 	0 
40 	11 	0 
0 	11 	0 
0 	0 	0 
0 	0 	0 
0 	0 	0 
40 	0 	0 
40 	0 	0 
40 	0 	0 
40 	0 	0 
0 	0 	0 
0 	0 	0 
0 	0 	0 
0 	0 	0 
c8 	0 	0 
c8 	37 	0 
c8 	37 	0 
c8 	37 	0 
0 	37 	0 
0 	0 	0 
0 	0 	0 
0 	0 	0 
0 	0 	0 
0 	0 	0 
0 	0 	0 
0 	0 	0 
40 	0 	0 
40 	0 	0 
40 	0 	38 
40 	0 	38 
d 	0 	38 
d 	0 	38 
d 	0 	40 
d 	0 	40 
1f 	0 	40 
1f 	0 	40 
1f 	0 	1e 
1f 	0 	1e 
6 	0 	1e 
6 	0 	1e 
6 	0 	0 
6 	0 	0 
4 	0 	0 
4 	0 	0 
4 	0 	0 
4 	0 	0 
40 	0 	0 
40 	0 	0 
40 	0 	0 
40 	0 	0 
0 	0 	0 
0 	0 	0 
0 	0 	0 
0 	0 	0 
40 	0 	0 
40 	0 	0 
40 	0 	0 
40 	0 	0 
0 	0 	0 
0 	0 	0 
0 	0 	0 
0 	0 	0 
40 	0 	0 
40 	0 	0 
40 	0 	0 
40 	0 	0 
0 	0 	0 
0 	0 	0 
0 	0 	0 
0 	0 	0 
d8 	0 	0 
d8 	2 	0 
d8 	2 	0 
d8 	2 	0 
0 	2 	0 
0 	0 	0 
0 	0 	0 
0 	0 	0 
d8 	0 	0 
d8 	2 	0 
d8 	2 	0 
d8 	2 	0 
0 	2 	0 
0 	0 	0 
0 	0 	0 
0 	0 	0 
8 	0 	0 
8 	0 	0 
8 	0 	0 
8 	0 	0 
0 	0 	0 
0 	0 	0 
0 	0 	0 
0 	0 	0 
3 	0 	0 
3 	0 	0 
3 	0 	0 
3 	0 	0 
4 	0 	0 
4 	0 	0 
4 	0 	0 
4 	0 	0 
18 	0 	0 
18 	3 	0 
18 	3 	0 
18 	3 	0 
0 	3 	0 
0 	0 	0 
0 	0 	0 
0 	0 	0 
18 	0 	0 
18 	3 	0 
18 	3 	0 
18 	3 	0 
0 	3 	0 
0 	0 	0 
0 	0 	0 
0 	0 	0 
18 	0 	0 
18 	3 	0 
18 	3 	0 
18 	3 	0 
0 	3 	0 
0 	0 	0 
0 	0 	0 
0 	0 	0 
1c 	0 	0 
1c 	0 	0 
1c 	0 	0 
1c 	0 	0 
0 	0 	0 
0 	0 	0 
0 	0 	0 
0 	0 	0 
1c 	0 	0 
1c 	0 	0 
1c 	0 	0 
1c 	0 	0 
0 	0 	0 
0 	0 	0 
0 	0 	0 
0 	0 	0 
1 	0 	0 
1 	0 	0 
1 	0 	0 
1 	0 	0 
0 	0 	0 
0 	0 	0 
0 	0 	0 
0 	0 	0 
1 	0 	0 
1 	0 	0 
1 	0 	0 
1 	0 	0 
4 	0 	0 
4 	0 	0 
4 	0 	0 
4 	0 	0 
0 	0 	0 
0 	0 	0 
0 	0 	0 
0 	0 	0 
0 	0 	0 
0 	0 	0 
0 	0 	0 
0 	0 	0 
0 	0 	0 
0 	0 	0 
0 	0 	0 
0 	0 	0 
0 	0 	0 
0 	0 	0 
0 	0 	0 
0 	0 	0 
0 	0 	0 
0 	0 	0 
0 	0 	0 
0 	0 	0 
0 	0 	0 
0 	0 	0 
0 	0 	0 
0 	0 	0 
d8 	0 	0 
d8 	7 	0 
d8 	7 	0 
d8 	7 	0 
0 	7 	0 
0 	0 	0 
0 	0 	0 
0 	0 	0 
d8 	0 	0 
d8 	7 	0 
d8 	7 	0 
d8 	7 	0 
0 	7 	0 
0 	0 	0 
0 	0 	0 
0 	0 	0 
0 	0 	0 
0 	10 	0 
0 	10 	0 
0 	10 	0 
0 	10 	0 
0 	0 	0 
0 	0 	0 
0 	0 	0 
1 	0 	0 
1 	0 	0 
1 	0 	0 
1 	0 	0 
5 	0 	0 
5 	0 	0 
5 	0 	0 
5 	0 	0 
0 	0 	0 
0 	10 	0 
0 	10 	0 
0 	10 	0 
0 	10 	0 
0 	0 	0 
0 	0 	0 
0 	0 	0 
0 	0 	0 
0 	10 	0 
0 	10 	0 
0 	10 	0 
0 	10 	0 
0 	0 	0 
0 	0 	0 
0 	0 	0 
0 	0 	0 
0 	10 	0 
0 	10 	0 
0 	10 	0 
0 	10 	0 
0 	0 	0 
0 	0 	0 
0 	0 	0 
31 	0 	0 
31 	4 	0 
31 	4 	0 
31 	4 	0 
0 	4 	0 
0 	0 	0 
0 	0 	0 
0 	0 	0 
31 	0 	0 
31 	4 	0 
31 	4 	0 
31 	4 	0 
0 	4 	0 
0 	0 	0 
0 	0 	0 
0 	0 	0 
0 	0 	0 
0 	10 	0 
0 	10 	0 
0 	10 	0 
0 	10 	0 
0 	0 	0 
0 	0 	0 
0 	0 	0 
1 	0 	0 
1 	0 	0 
1 	0 	0 
1 	0 	0 
4 	0 	0 
4 	0 	0 
4 	0 	0 
4 	0 	0 
0 	0 	0 
0 	20 	0 
0 	20 	0 
0 	20 	0 
0 	20 	0 
0 	0 	0 
0 	0 	0 
0 	0 	0 
0 	0 	0 
0 	20 	0 
0 	20 	0 
0 	20 	0 
0 	20 	0 
0 	0 	0 
0 	0 	0 
0 	0 	0 
0 	0 	0 
0 	20 	0 
0 	20 	0 
0 	20 	0 
0 	20 	0 
0 	0 	0 
0 	0 	0 
0 	0 	0 
3c 	0 	0 
3c 	1 	0 
3c 	1 	0 
3c 	1 	0 
0 	1 	0 
0 	0 	0 
0 	0 	0 
0 	0 	0 
3c 	0 	0 
3c 	1 	0 
3c 	1 	0 
3c 	1 	0 
0 	1 	0 
0 	0 	0 
0 	0 	0 
0 	0 	0 
0 	0 	0 
0 	10 	0 
0 	10 	0 
0 	10 	0 
0 	10 	0 
0 	0 	0 
0 	0 	0 
0 	0 	0 
1 	0 	0 
1 	0 	0 
1 	0 	0 
1 	0 	0 
6 	0 	0 
6 	0 	0 
6 	0 	0 
6 	0 	0 
80 	0 	0 
80 	2d 	0 
80 	2d 	0 
80 	2d 	0 
0 	2d 	0 
0 	0 	0 
0 	0 	0 
0 	0 	0 
80 	0 	0 
80 	3d 	0 
80 	3d 	0 
80 	3d 	0 
0 	3d 	0 
0 	0 	0 
0 	0 	0 
0 	0 	0 
80 	0 	0 
80 	3d 	0 
80 	3d 	0 
80 	3d 	0 
0 	3d 	0 
0 	0 	0 
0 	0 	0 
0 	0 	0 
90 	0 	0 
90 	2 	0 
90 	2 	0 
90 	2 	0 
0 	2 	0 
0 	0 	0 
0 	0 	0 
0 	0 	0 
98 	0 	0 
98 	2 	0 
98 	2 	0 
98 	2 	0 
0 	2 	0 
0 	0 	0 
0 	0 	0 
0 	0 	0 
0 	0 	0 
0 	10 	0 
0 	10 	0 
0 	10 	0 
0 	10 	0 
0 	0 	0 
0 	0 	0 
0 	0 	0 
2 	0 	0 
2 	0 	0 
2 	0 	0 
2 	0 	0 
6 	0 	0 
6 	0 	0 
6 	0 	0 
6 	0 	0 
90 	0 	0 
90 	2d 	0 
90 	2d 	0 
90 	2d 	0 
0 	2d 	0 
0 	0 	0 
0 	0 	0 
0 	0 	0 
90 	0 	0 
90 	3d 	0 
90 	3d 	0 
90 	3d 	0 
0 	3d 	0 
0 	0 	0 
0 	0 	0 
0 	0 	0 
90 	0 	0 
90 	3d 	0 
90 	3d 	0 
90 	3d 	0 
0 	3d 	0 
0 	0 	0 
0 	0 	0 
0 	0 	0 
f0 	0 	0 
f0 	1 	0 
f0 	1 	0 
f0 	1 	0 
0 	1 	0 
0 	0 	0 
0 	0 	0 
0 	0 	0 
f0 	0 	0 
f0 	1 	0 
f0 	1 	0 
f0 	1 	0 
0 	1 	0 
0 	0 	0 
0 	0 	0 
0 	0 	0 
8 	0 	0 
8 	0 	0 
8 	0 	0 
8 	0 	0 
0 	0 	0 
0 	0 	0 
0 	0 	0 
0 	0 	0 
4 	0 	0 
4 	0 	0 
4 	0 	0 
4 	0 	0 
4 	0 	0 
4 	0 	0 
4 	0 	0 
4 	0 	0 
38 	0 	0 
38 	3 	0 
38 	3 	0 
38 	3 	0 
0 	3 	0 
0 	0 	0 
0 	0 	0 
0 	0 	0 
38 	0 	0 
38 	3 	0 
38 	3 	0 
38 	3 	0 
0 	3 	0 
0 	0 	0 
0 	0 	0 
0 	0 	0 
38 	0 	0 
38 	3 	0 
38 	3 	0 
38 	3 	0 
0 	3 	0 
0 	0 	0 
0 	0 	0 
0 	0 	0 
30 	0 	0 
30 	0 	0 
30 	0 	0 
30 	0 	0 
0 	0 	0 
0 	0 	0 
0 	0 	0 
0 	0 	0 
30 	0 	0 
30 	0 	0 
30 	0 	0 
30 	0 	0 
0 	0 	0 
0 	0 	0 
0 	0 	0 
0 	0 	0 
8 	0 	0 
8 	0 	0 
8 	0 	0 
8 	0 	0 
0 	0 	0 
0 	0 	0 
0 	0 	0 
0 	0 	0 
4 	0 	0 
4 	0 	0 
4 	0 	0 
4 	0 	0 
4 	0 	0 
4 	0 	0 
4 	0 	0 
4 	0 	0 
68 	0 	0 
68 	3 	0 
68 	3 	0 
68 	3 	0 
0 	3 	0 
0 	0 	0 
0 	0 	0 
0 	0 	0 
68 	0 	0 
68 	3 	0 
68 	3 	0 
68 	3 	0 
0 	3 	0 
0 	0 	0 
0 	0 	0 
0 	0 	0 
68 	0 	0 
68 	3 	0 
68 	3 	0 
68 	3 	0 
0 	3 	0 
0 	0 	0 
0 	0 	0 
0 	0 	0 
44 	0 	0 
44 	0 	0 
44 	0 	0 
44 	0 	0 
0 	0 	0 
0 	0 	0 
0 	0 	0 
0 	0 	0 
44 	0 	0 
44 	0 	0 
44 	0 	0 
44 	0 	0 
0 	0 	0 
0 	0 	0 
0 	0 	0 
0 	0 	0 
4 	0 	0 
4 	0 	0 
4 	0 	0 
4 	0 	0 
0 	0 	0 
0 	0 	0 
0 	0 	0 
0 	0 	0 
53 	0 	0 
53 	e5 	0 
53 	e5 	74 
53 	e5 	74 
4 	e5 	74 
4 	0 	74 
4 	0 	0 
4 	0 	0 
38 	0 	0 
38 	3 	0 
38 	3 	0 
38 	3 	0 
0 	3 	0 
0 	0 	0 
0 	0 	0 
0 	0 	0 
38 	0 	0 
38 	3 	0 
38 	3 	0 
38 	3 	0 
0 	3 	0 
0 	0 	0 
0 	0 	0 
0 	0 	0 
38 	0 	0 
38 	3 	0 
38 	3 	0 
38 	3 	0 
0 	3 	0 
0 	0 	0 
0 	0 	0 
0 	0 	0 
30 	0 	0 
30 	0 	0 
30 	0 	0 
30 	0 	0 
0 	0 	0 
0 	0 	0 
0 	0 	0 
0 	0 	0 
30 	0 	0 
30 	0 	0 
30 	0 	0 
30 	0 	0 
0 	0 	0 
0 	0 	0 
0 	0 	0 
0 	0 	0 
8 	0 	0 
8 	0 	0 
8 	0 	0 
8 	0 	0 
0 	0 	0 
0 	0 	0 
0 	0 	0 
0 	0 	0 
50 	0 	0 
50 	e5 	0 
50 	e5 	74 
50 	e5 	74 
4 	e5 	74 
4 	0 	74 
4 	0 	0 
4 	0 	0 
5c 	0 	0 
5c 	20 	0 
5c 	20 	0 
5c 	20 	0 
0 	20 	0 
0 	0 	0 
0 	0 	0 
0 	0 	0 
5c 	0 	0 
5c 	20 	0 
5c 	20 	0 
5c 	20 	0 
0 	20 	0 
0 	0 	0 
0 	0 	0 
0 	0 	0 
5c 	0 	0 
5c 	20 	0 
5c 	20 	0 
5c 	20 	0 
0 	20 	0 
0 	0 	0 
0 	0 	0 
0 	0 	0 
34 	0 	0 
34 	0 	0 
34 	0 	0 
34 	0 	0 
0 	0 	0 
0 	0 	0 
0 	0 	0 
0 	0 	0 
34 	0 	0 
34 	0 	0 
34 	0 	0 
34 	0 	0 
0 	0 	0 
0 	0 	0 
0 	0 	0 
0 	0 	0 
4 	0 	0 
4 	0 	0 
4 	0 	0 
4 	0 	0 
0 	0 	0 
0 	0 	0 
0 	0 	0 
0 	0 	0 
51 	0 	0 
51 	e5 	0 
51 	e5 	74 
51 	e5 	74 
6 	e5 	74 
6 	0 	74 
6 	0 	0 
6 	0 	0 
0 	0 	0 
0 	0 	0 
0 	0 	0 
0 	0 	0 
0 	0 	0 
0 	0 	0 
0 	0 	0 
0 	0 	0 
0 	0 	0 
0 	0 	0 
0 	0 	0 
0 	0 	0 
0 	0 	0 
0 	0 	0 
0 	0 	0 
0 	0 	0 
0 	0 	0 
0 	0 	0 
0 	0 	0 
0 	0 	0 
0 	0 	0 
0 	0 	0 
0 	0 	0 
0 	0 	0 
0 	0 	0 
0 	0 	0 
0 	0 	0 
0 	0 	0 
0 	0 	0 
0 	0 	0 
0 	0 	0 
0 	0 	0 
0 	0 	0 
0 	0 	0 
0 	0 	0 
0 	0 	0 
0 	0 	0 
0 	0 	0 
0 	0 	0 
0 	0 	0 
10 	0 	0 
10 	0 	0 
10 	0 	0 
10 	0 	0 
0 	0 	0 
0 	0 	0 
0 	0 	0 
0 	0 	0 
52 	0 	0 
52 	e5 	0 
52 	e5 	74 
52 	e5 	74 
4 	e5 	74 
4 	0 	74 
4 	0 	0 
4 	0 	0 
80 	0 	0 
80 	2d 	0 
80 	2d 	0 
80 	2d 	0 
0 	2d 	0 
0 	0 	0 
0 	0 	0 
0 	0 	0 
80 	0 	0 
80 	3d 	0 
80 	3d 	0 
80 	3d 	0 
0 	3d 	0 
0 	0 	0 
0 	0 	0 
0 	0 	0 
80 	0 	0 
80 	3d 	0 
80 	3d 	0 
80 	3d 	0 
0 	3d 	0 
0 	0 	0 
0 	0 	0 
0 	0 	0 
80 	0 	0 
80 	2 	0 
80 	2 	0 
80 	2 	0 
0 	2 	0 
0 	0 	0 
0 	0 	0 
0 	0 	0 
80 	0 	0 
80 	2 	0 
80 	2 	0 
80 	2 	0 
0 	2 	0 
0 	0 	0 
0 	0 	0 
0 	0 	0 
1 	0 	0 
1 	0 	0 
1 	0 	0 
1 	0 	0 
0 	0 	0 
0 	0 	0 
0 	0 	0 
0 	0 	0 
2f 	0 	0 
2f 	6c 	0 
2f 	6c 	69 
2f 	6c 	69 
36 	6c 	69 
36 	34 	69 
36 	34 	2f 
36 	34 	2f 
64 	34 	2f 
64 	2d 	2f 
64 	2d 	6c 
64 	2d 	6c 
6e 	2d 	6c 
6e 	75 	6c 
6e 	75 	78 
6e 	75 	78 
78 	75 	78 
78 	38 	78 
78 	38 	36 
78 	38 	36 
36 	38 	36 
36 	34 	36 
36 	34 	2e 
36 	34 	2e 
6f 	34 	2e 
6f 	2e 	2e 
6f 	2e 	32 
6f 	2e 	32 
0 	2e 	32 
0 	0 	32 
0 	0 	0 
0 	0 	0 
4 	0 	0 
4 	0 	0 
4 	0 	0 
4 	0 	0 
20 	0 	0 
20 	0 	0 
20 	0 	0 
20 	0 	0 
5 	0 	0 
5 	0 	0 
5 	0 	0 
5 	0 	0 
47 	0 	0 
47 	4e 	0 
47 	4e 	55 
47 	4e 	55 
2 	4e 	55 
2 	0 	55 
2 	0 	0 
2 	0 	0 
4 	0 	0 
4 	0 	0 
4 	0 	0 
4 	0 	0 
3 	0 	0 
3 	0 	0 
3 	0 	0 
3 	0 	0 
0 	0 	0 
0 	0 	0 
0 	0 	0 
0 	0 	0 
2 	0 	0 
2 	80 	0 
2 	80 	0 
2 	80 	0 
4 	80 	0 
4 	0 	0 
4 	0 	0 
4 	0 	0 
1 	0 	0 
1 	0 	0 
1 	0 	0 
1 	0 	0 
0 	0 	0 
0 	0 	0 
0 	0 	0 
0 	0 	0 
4 	0 	0 
4 	0 	0 
4 	0 	0 
4 	0 	0 
14 	0 	0 
14 	0 	0 
14 	0 	0 
14 	0 	0 
3 	0 	0 
3 	0 	0 
3 	0 	0 
3 	0 	0 
47 	0 	0 
47 	4e 	0 
47 	4e 	55 
47 	4e 	55 
3d 	4e 	55 
3d 	29 	55 
3d 	29 	8 
3d 	29 	8 
3f 	29 	8 
3f 	c8 	8 
3f 	c8 	b5 
3f 	c8 	b5 
97 	c8 	b5 
97 	62 	b5 
97 	62 	9 
97 	62 	9 
6e 	62 	9 
6e 	37 	9 
6e 	37 	4e 
6e 	37 	4e 
22 	37 	4e 
22 	49 	4e 
22 	49 	61 
22 	49 	61 
4 	49 	61 
4 	0 	61 
4 	0 	0 
4 	0 	0 
10 	0 	0 
10 	0 	0 
10 	0 	0 
10 	0 	0 
1 	0 	0 
1 	0 	0 
1 	0 	0 
1 	0 	0 
47 	0 	0 
47 	4e 	0 
47 	4e 	55 
47 	4e 	55 
0 	4e 	55 
0 	0 	55 
0 	0 	0 
0 	0 	0 
3 	0 	0 
3 	0 	0 
3 	0 	0 
3 	0 	0 
2 	0 	0 
2 	0 	0 
2 	0 	0 
2 	0 	0 
0 	0 	0 
0 	0 	0 
0 	0 	0 
0 	0 	0 
0 	0 	0 
0 	0 	0 
0 	0 	0 
0 	0 	0 
2 	0 	0 
2 	0 	0 
2 	0 	0 
2 	0 	0 
d 	0 	0 
d 	0 	0 
d 	0 	0 
d 	0 	0 
1 	0 	0 
1 	0 	0 
1 	0 	0 
1 	0 	0 
6 	0 	0 
6 	0 	0 
6 	0 	0 
6 	0 	0 
0 	0 	0 
0 	0 	0 
0 	0 	81 
0 	0 	81 
0 	0 	81 
0 	0 	81 
0 	0 	0 
0 	0 	0 
d 	0 	0 
d 	0 	0 
d 	0 	0 
d 	0 	0 
0 	0 	0 
0 	0 	0 
0 	0 	0 
0 	0 	0 
d1 	0 	0 
d1 	65 	0 
d1 	65 	ce 
d1 	65 	ce 
0 	65 	ce 
0 	0 	ce 
0 	0 	0 
0 	0 	0 
0 	0 	0 
0 	0 	0 
0 	0 	0 
0 	0 	0 
0 	0 	0 
0 	0 	0 
0 	0 	0 
0 	0 	0 
0 	0 	0 
0 	0 	0 
0 	0 	0 
0 	0 	0 
0 	0 	0 
0 	0 	0 
0 	0 	0 
0 	0 	0 
0 	0 	0 
0 	0 	0 
0 	0 	0 
0 	0 	0 
0 	0 	0 
0 	0 	0 
0 	0 	0 
0 	0 	0 
10 	0 	0 
10 	0 	0 
10 	0 	0 
10 	0 	0 
12 	0 	0 
12 	0 	0 
12 	0 	0 
12 	0 	0 
0 	0 	0 
0 	0 	0 
0 	0 	0 
0 	0 	0 
0 	0 	0 
0 	0 	0 
0 	0 	0 
0 	0 	0 
0 	0 	0 
0 	0 	0 
0 	0 	0 
0 	0 	0 
0 	0 	0 
0 	0 	0 
0 	0 	0 
0 	0 	0 
8a 	0 	0 
8a 	0 	0 
8a 	0 	0 
8a 	0 	0 
20 	0 	0 
20 	0 	0 
20 	0 	0 
20 	0 	0 
0 	0 	0 
0 	0 	0 
0 	0 	0 
0 	0 	0 
0 	0 	0 
0 	0 	0 
0 	0 	0 
0 	0 	0 
0 	0 	0 
0 	0 	0 
0 	0 	0 
0 	0 	0 
0 	0 	0 
0 	0 	0 
0 	0 	0 
0 	0 	0 
37 	0 	0 
37 	0 	0 
37 	0 	0 
37 	0 	0 
12 	0 	0 
12 	0 	0 
12 	0 	0 
12 	0 	0 
0 	0 	0 
0 	0 	0 
0 	0 	0 
0 	0 	0 
0 	0 	0 
0 	0 	0 
0 	0 	0 
0 	0 	0 
0 	0 	0 
0 	0 	0 
0 	0 	0 
0 	0 	0 
0 	0 	0 
0 	0 	0 
0 	0 	0 
0 	0 	0 
3c 	0 	0 
3c 	0 	0 
3c 	0 	0 
3c 	0 	0 
12 	0 	0 
12 	0 	0 
12 	0 	0 
12 	0 	0 
0 	0 	0 
0 	0 	0 
0 	0 	0 
0 	0 	0 
0 	0 	0 
0 	0 	0 
0 	0 	0 
0 	0 	0 
0 	0 	0 
0 	0 	0 
0 	0 	0 
0 	0 	0 
0 	0 	0 
0 	0 	0 
0 	0 	0 
0 	0 	0 
28 	0 	0 
28 	0 	0 
28 	0 	0 
28 	0 	0 
12 	0 	0 
12 	0 	0 
12 	0 	0 
12 	0 	0 
0 	0 	0 
0 	0 	0 
0 	0 	0 
0 	0 	0 
0 	0 	0 
0 	0 	0 
0 	0 	0 
0 	0 	0 
0 	0 	0 
0 	0 	0 
0 	0 	0 
0 	0 	0 
0 	0 	0 
0 	0 	0 
0 	0 	0 
0 	0 	0 
42 	0 	0 
42 	0 	0 
42 	0 	0 
42 	0 	0 
12 	0 	0 
12 	0 	0 
12 	0 	0 
12 	0 	0 
0 	0 	0 
0 	0 	0 
0 	0 	0 
0 	0 	0 
0 	0 	0 
0 	0 	0 
0 	0 	0 
0 	0 	0 
0 	0 	0 
0 	0 	0 
0 	0 	0 
0 	0 	0 
0 	0 	0 
0 	0 	0 
0 	0 	0 
0 	0 	0 
53 	0 	0 
53 	0 	0 
53 	0 	0 
53 	0 	0 
12 	0 	0 
12 	0 	0 
12 	0 	0 
12 	0 	0 
0 	0 	0 
0 	0 	0 
0 	0 	0 
0 	0 	0 
0 	0 	0 
0 	0 	0 
0 	0 	0 
0 	0 	0 
0 	0 	0 
0 	0 	0 
0 	0 	0 
0 	0 	0 
0 	0 	0 
0 	0 	0 
0 	0 	0 
0 	0 	0 
2f 	0 	0 
2f 	0 	0 
2f 	0 	0 
2f 	0 	0 
12 	0 	0 
12 	0 	0 
12 	0 	0 
12 	0 	0 
0 	0 	0 
0 	0 	0 
0 	0 	0 
0 	0 	0 
0 	0 	0 
0 	0 	0 
0 	0 	0 
0 	0 	0 
0 	0 	0 
0 	0 	0 
0 	0 	0 
0 	0 	0 
0 	0 	0 
0 	0 	0 
0 	0 	0 
0 	0 	0 
5a 	0 	0 
5a 	0 	0 
5a 	0 	0 
5a 	0 	0 
12 	0 	0 
12 	0 	0 
12 	0 	0 
12 	0 	0 
0 	0 	0 
0 	0 	0 
0 	0 	0 
0 	0 	0 
0 	0 	0 
0 	0 	0 
0 	0 	0 
0 	0 	0 
0 	0 	0 
0 	0 	0 
0 	0 	0 
0 	0 	0 
0 	0 	0 
0 	0 	0 
0 	0 	0 
0 	0 	0 
a6 	0 	0 
a6 	0 	0 
a6 	0 	0 
a6 	0 	0 
20 	0 	0 
20 	0 	0 
20 	0 	0 
20 	0 	0 
0 	0 	0 
0 	0 	0 
0 	0 	0 
0 	0 	0 
0 	0 	0 
0 	0 	0 
0 	0 	0 
0 	0 	0 
0 	0 	0 
0 	0 	0 
0 	0 	0 
0 	0 	0 
0 	0 	0 
0 	0 	0 
0 	0 	0 
0 	0 	0 
22 	0 	0 
22 	0 	0 
22 	0 	0 
22 	0 	0 
12 	0 	0 
12 	0 	0 
12 	0 	0 
12 	0 	0 
0 	0 	0 
0 	0 	0 
0 	0 	0 
0 	0 	0 
0 	0 	0 
0 	0 	0 
0 	0 	0 
0 	0 	0 
0 	0 	0 
0 	0 	0 
0 	0 	0 
0 	0 	0 
0 	0 	0 
0 	0 	0 
0 	0 	0 
0 	0 	0 
b5 	0 	0 
b5 	0 	0 
b5 	0 	0 
b5 	0 	0 
20 	0 	0 
20 	0 	0 
20 	0 	0 
20 	0 	0 
0 	0 	0 
0 	0 	0 
0 	0 	0 
0 	0 	0 
0 	0 	0 
0 	0 	0 
0 	0 	0 
0 	0 	0 
0 	0 	0 
0 	0 	0 
0 	0 	0 
0 	0 	0 
0 	0 	0 
0 	0 	0 
0 	0 	0 
0 	0 	0 
1 	0 	0 
1 	0 	0 
1 	0 	0 
1 	0 	0 
22 	0 	0 
22 	0 	0 
22 	0 	0 
22 	0 	0 
0 	0 	0 
0 	0 	0 
0 	0 	0 
0 	0 	0 
0 	0 	0 
0 	0 	0 
0 	0 	0 
0 	0 	0 
0 	0 	0 
0 	0 	0 
0 	0 	0 
0 	0 	0 
0 	0 	0 
0 	0 	0 
0 	0 	0 
0 	0 	0 
0 	0 	0 
0 	5f 	0 
0 	5f 	5f 
0 	5f 	5f 
78 	5f 	5f 
78 	61 	5f 
78 	61 	5f 
78 	61 	5f 
69 	61 	5f 
69 	6e 	5f 
69 	6e 	61 
69 	6e 	61 
69 	6e 	61 
69 	7a 	61 
69 	7a 	65 
69 	7a 	65 
5f 	7a 	65 
5f 	5f 	65 
5f 	5f 	6c 
5f 	5f 	6c 
62 	5f 	6c 
62 	63 	6c 
62 	63 	5f 
62 	63 	5f 
74 	63 	5f 
74 	61 	5f 
74 	61 	72 
74 	61 	72 
5f 	61 	72 
5f 	6d 	72 
5f 	6d 	61 
5f 	6d 	61 
6e 	6d 	61 
6e 	0 	61 
6e 	0 	66 
6e 	0 	66 
70 	0 	66 
70 	65 	66 
70 	65 	6e 
70 	65 	6e 
66 	65 	6e 
66 	63 	6e 
66 	63 	6c 
66 	63 	6c 
73 	63 	6c 
73 	65 	6c 
73 	65 	0 
73 	65 	0 
65 	65 	0 
65 	74 	0 
65 	74 	63 
65 	74 	63 
61 	74 	63 
61 	72 	63 
61 	72 	0 
61 	72 	0 
75 	72 	0 
75 	74 	0 
75 	74 	73 
75 	74 	73 
66 	74 	73 
66 	72 	73 
66 	72 	65 
66 	72 	65 
64 	72 	65 
64 	0 	65 
64 	0 	5f 
64 	0 	5f 
73 	0 	5f 
73 	74 	5f 
73 	74 	61 
73 	74 	61 
6b 	74 	61 
6b 	5f 	61 
6b 	5f 	63 
6b 	5f 	63 
6b 	5f 	63 
6b 	5f 	63 
6b 	5f 	66 
6b 	5f 	66 
69 	5f 	66 
69 	6c 	66 
69 	6c 	0 
69 	6c 	0 
72 	6c 	0 
72 	69 	0 
72 	69 	6e 
72 	69 	6e 
66 	69 	6e 
66 	0 	6e 
66 	0 	66 
66 	0 	66 
6f 	0 	66 
6f 	66 	66 
6f 	66 	0 
6f 	66 	0 
69 	66 	0 
69 	62 	0 
69 	62 	63 
69 	62 	63 
73 	62 	63 
73 	6f 	63 
73 	6f 	2e 
73 	6f 	2e 
0 	6f 	2e 
0 	47 	2e 
0 	47 	4c 
0 	47 	4c 
42 	47 	4c 
42 	43 	4c 
42 	43 	5f 
42 	43 	5f 
2e 	43 	5f 
2e 	34 	5f 
2e 	34 	0 
2e 	34 	0 
4c 	34 	0 
4c 	49 	0 
4c 	49 	42 
4c 	49 	42 
5f 	49 	42 
5f 	32 	42 
5f 	32 	2e 
5f 	32 	2e 
2e 	32 	2e 
2e 	35 	2e 
2e 	35 	0 
2e 	35 	0 
4c 	35 	0 
4c 	49 	0 
4c 	49 	42 
4c 	49 	42 
5f 	49 	42 
5f 	32 	42 
5f 	32 	2e 
5f 	32 	2e 
34 	32 	2e 
34 	0 	2e 
34 	0 	5f 
34 	0 	5f 
54 	0 	5f 
54 	4d 	5f 
54 	4d 	5f 
54 	4d 	5f 
65 	4d 	5f 
65 	72 	5f 
65 	72 	65 
65 	72 	65 
69 	72 	65 
69 	73 	65 
69 	73 	74 
69 	73 	74 
72 	73 	74 
72 	54 	74 
72 	54 	4d 
72 	54 	4d 
6c 	54 	4d 
6c 	6f 	4d 
6c 	6f 	6e 
6c 	6f 	6e 
54 	6f 	6e 
54 	61 	6e 
54 	61 	62 
54 	61 	62 
65 	61 	62 
65 	0 	62 
65 	0 	5f 
65 	0 	5f 
67 	0 	5f 
67 	6d 	5f 
67 	6d 	6f 
67 	6d 	6f 
5f 	6d 	6f 
5f 	73 	6f 
5f 	73 	74 
5f 	73 	74 
72 	73 	74 
72 	74 	74 
72 	74 	5f 
72 	74 	5f 
0 	74 	5f 
0 	5f 	5f 
0 	5f 	49 
0 	5f 	49 
4d 	5f 	49 
4d 	5f 	49 
4d 	5f 	72 
4d 	5f 	72 
67 	5f 	72 
67 	69 	72 
67 	69 	73 
67 	69 	73 
65 	69 	73 
65 	72 	73 
65 	72 	54 
65 	72 	54 
43 	72 	54 
43 	6c 	54 
43 	6c 	6f 
43 	6c 	6f 
65 	6c 	6f 
65 	54 	6f 
65 	54 	61 
65 	54 	61 
6c 	54 	61 
6c 	65 	61 
6c 	65 	0 
6c 	65 	0 
0 	65 	0 
0 	0 	0 
0 	0 	2 
0 	0 	2 
1 	0 	2 
1 	0 	2 
1 	0 	3 
1 	0 	3 
3 	0 	3 
3 	0 	3 
3 	0 	3 
3 	0 	3 
4 	0 	3 
4 	0 	3 
4 	0 	3 
4 	0 	3 
3 	0 	3 
3 	0 	3 
3 	0 	3 
3 	0 	3 
1 	0 	3 
1 	0 	3 
1 	0 	3 
1 	0 	3 
1 	0 	3 
1 	0 	3 
1 	0 	3 
1 	0 	3 
0 	0 	3 
0 	0 	3 
0 	0 	0 
0 	0 	0 
1 	0 	0 
1 	0 	0 
1 	0 	3 
1 	0 	3 
5f 	0 	3 
5f 	0 	3 
5f 	0 	0 
5f 	0 	0 
10 	0 	0 
10 	0 	0 
10 	0 	0 
10 	0 	0 
0 	0 	0 
0 	0 	0 
0 	0 	0 
0 	0 	0 
14 	0 	0 
14 	69 	0 
14 	69 	69 
14 	69 	69 
0 	69 	69 
0 	0 	69 
0 	0 	4 
0 	0 	4 
69 	0 	4 
69 	0 	4 
69 	0 	0 
69 	0 	0 
10 	0 	0 
10 	0 	0 
10 	0 	0 
10 	0 	0 
75 	0 	0 
75 	1a 	0 
75 	1a 	69 
75 	1a 	69 
0 	1a 	69 
0 	0 	69 
0 	0 	3 
0 	0 	3 
73 	0 	3 
73 	0 	3 
73 	0 	0 
73 	0 	0 
10 	0 	0 
10 	0 	0 
10 	0 	0 
10 	0 	0 
b4 	0 	0 
b4 	91 	0 
b4 	91 	96 
b4 	91 	96 
0 	91 	96 
0 	0 	96 
0 	0 	2 
0 	0 	2 
7f 	0 	2 
7f 	0 	2 
7f 	0 	0 
7f 	0 	0 
0 	0 	0 
0 	0 	0 
0 	0 	0 
0 	0 	0 
80 	0 	0 
80 	3d 	0 
80 	3d 	0 
80 	3d 	0 
0 	3d 	0 
0 	0 	0 
0 	0 	0 
0 	0 	0 
8 	0 	0 
8 	0 	0 
8 	0 	0 
8 	0 	0 
0 	0 	0 
0 	0 	0 
0 	0 	0 
0 	0 	0 
20 	0 	0 
20 	12 	0 
20 	12 	0 
20 	12 	0 
0 	12 	0 
0 	0 	0 
0 	0 	0 
0 	0 	0 
88 	0 	0 
88 	3d 	0 
88 	3d 	0 
88 	3d 	0 
0 	3d 	0 
0 	0 	0 
0 	0 	0 
0 	0 	0 
8 	0 	0 
8 	0 	0 
8 	0 	0 
8 	0 	0 
0 	0 	0 
0 	0 	0 
0 	0 	0 
0 	0 	0 
e0 	0 	0 
e0 	11 	0 
e0 	11 	0 
e0 	11 	0 
0 	11 	0 
0 	0 	0 
0 	0 	0 
0 	0 	0 
8 	0 	0 
8 	40 	0 
8 	40 	0 
8 	40 	0 
0 	40 	0 
0 	0 	0 
0 	0 	0 
0 	0 	0 
8 	0 	0 
8 	0 	0 
8 	0 	0 
8 	0 	0 
0 	0 	0 
0 	0 	0 
0 	0 	0 
0 	0 	0 
8 	0 	0 
8 	40 	0 
8 	40 	0 
8 	40 	0 
0 	40 	0 
0 	0 	0 
0 	0 	0 
0 	0 	0 
d8 	0 	0 
d8 	3f 	0 
d8 	3f 	0 
d8 	3f 	0 
0 	3f 	0 
0 	0 	0 
0 	0 	0 
0 	0 	0 
6 	0 	0 
6 	0 	0 
6 	0 	0 
6 	0 	0 
1 	0 	0 
1 	0 	0 
1 	0 	0 
1 	0 	0 
0 	0 	0 
0 	0 	0 
0 	0 	0 
0 	0 	0 
0 	0 	0 
0 	0 	0 
0 	0 	0 
0 	0 	0 
e0 	0 	0 
e0 	3f 	0 
e0 	3f 	0 
e0 	3f 	0 
0 	3f 	0 
0 	0 	0 
0 	0 	0 
0 	0 	0 
6 	0 	0 
6 	0 	0 
6 	0 	0 
6 	0 	0 
2 	0 	0 
2 	0 	0 
2 	0 	0 
2 	0 	0 
0 	0 	0 
0 	0 	0 
0 	0 	0 
0 	0 	0 
0 	0 	0 
0 	0 	0 
0 	0 	0 
0 	0 	0 
e8 	0 	0 
e8 	3f 	0 
e8 	3f 	0 
e8 	3f 	0 
0 	3f 	0 
0 	0 	0 
0 	0 	0 
0 	0 	0 
6 	0 	0 
6 	0 	0 
6 	0 	0 
6 	0 	0 
a 	0 	0 
a 	0 	0 
a 	0 	0 
a 	0 	0 
0 	0 	0 
0 	0 	0 
0 	0 	0 
0 	0 	0 
0 	0 	0 
0 	0 	0 
0 	0 	0 
0 	0 	0 
f0 	0 	0 
f0 	3f 	0 
f0 	3f 	0 
f0 	3f 	0 
0 	3f 	0 
0 	0 	0 
0 	0 	0 
0 	0 	0 
6 	0 	0 
6 	0 	0 
6 	0 	0 
6 	0 	0 
c 	0 	0 
c 	0 	0 
c 	0 	0 
c 	0 	0 
0 	0 	0 
0 	0 	0 
0 	0 	0 
0 	0 	0 
0 	0 	0 
0 	0 	0 
0 	0 	0 
0 	0 	0 
f8 	0 	0 
f8 	3f 	0 
f8 	3f 	0 
f8 	3f 	0 
0 	3f 	0 
0 	0 	0 
0 	0 	0 
0 	0 	0 
6 	0 	0 
6 	0 	0 
6 	0 	0 
6 	0 	0 
d 	0 	0 
d 	0 	0 
d 	0 	0 
d 	0 	0 
0 	0 	0 
0 	0 	0 
0 	0 	0 
0 	0 	0 
0 	0 	0 
0 	0 	0 
0 	0 	0 
0 	0 	0 
98 	0 	0 
98 	3f 	0 
98 	3f 	0 
98 	3f 	0 
0 	3f 	0 
0 	0 	0 
0 	0 	0 
0 	0 	0 
7 	0 	0 
7 	0 	0 
7 	0 	0 
7 	0 	0 
3 	0 	0 
3 	0 	0 
3 	0 	0 
3 	0 	0 
0 	0 	0 
0 	0 	0 
0 	0 	0 
0 	0 	0 
0 	0 	0 
0 	0 	0 
0 	0 	0 
0 	0 	0 
a0 	0 	0 
a0 	3f 	0 
a0 	3f 	0 
a0 	3f 	0 
0 	3f 	0 
0 	0 	0 
0 	0 	0 
0 	0 	0 
7 	0 	0 
7 	0 	0 
7 	0 	0 
7 	0 	0 
4 	0 	0 
4 	0 	0 
4 	0 	0 
4 	0 	0 
0 	0 	0 
0 	0 	0 
0 	0 	0 
0 	0 	0 
0 	0 	0 
0 	0 	0 
0 	0 	0 
0 	0 	0 
a8 	0 	0 
a8 	3f 	0 
a8 	3f 	0 
a8 	3f 	0 
0 	3f 	0 
0 	0 	0 
0 	0 	0 
0 	0 	0 
7 	0 	0 
7 	0 	0 
7 	0 	0 
7 	0 	0 
5 	0 	0 
5 	0 	0 
5 	0 	0 
5 	0 	0 
0 	0 	0 
0 	0 	0 
0 	0 	0 
0 	0 	0 
0 	0 	0 
0 	0 	0 
0 	0 	0 
0 	0 	0 
b0 	0 	0 
b0 	3f 	0 
b0 	3f 	0 
b0 	3f 	0 
0 	3f 	0 
0 	0 	0 
0 	0 	0 
0 	0 	0 
7 	0 	0 
7 	0 	0 
7 	0 	0 
7 	0 	0 
6 	0 	0 
6 	0 	0 
6 	0 	0 
6 	0 	0 
0 	0 	0 
0 	0 	0 
0 	0 	0 
0 	0 	0 
0 	0 	0 
0 	0 	0 
0 	0 	0 
0 	0 	0 
b8 	0 	0 
b8 	3f 	0 
b8 	3f 	0 
b8 	3f 	0 
0 	3f 	0 
0 	0 	0 
0 	0 	0 
0 	0 	0 
7 	0 	0 
7 	0 	0 
7 	0 	0 
7 	0 	0 
7 	0 	0 
7 	0 	0 
7 	0 	0 
7 	0 	0 
0 	0 	0 
0 	0 	0 
0 	0 	0 
0 	0 	0 
0 	0 	0 
0 	0 	0 
0 	0 	0 
0 	0 	0 
c0 	0 	0 
c0 	3f 	0 
c0 	3f 	0 
c0 	3f 	0 
0 	3f 	0 
0 	0 	0 
0 	0 	0 
0 	0 	0 
7 	0 	0 
7 	0 	0 
7 	0 	0 
7 	0 	0 
8 	0 	0 
8 	0 	0 
8 	0 	0 
8 	0 	0 
0 	0 	0 
0 	0 	0 
0 	0 	0 
0 	0 	0 
0 	0 	0 
0 	0 	0 
0 	0 	0 
0 	0 	0 
c8 	0 	0 
c8 	3f 	0 
c8 	3f 	0 
c8 	3f 	0 
0 	3f 	0 
0 	0 	0 
0 	0 	0 
0 	0 	0 
7 	0 	0 
7 	0 	0 
7 	0 	0 
7 	0 	0 
9 	0 	0 
9 	0 	0 
9 	0 	0 
9 	0 	0 
0 	0 	0 
0 	0 	0 
0 	0 	0 
0 	0 	0 
0 	0 	0 
0 	0 	0 
0 	0 	0 
0 	0 	0 
d0 	0 	0 
d0 	3f 	0 
d0 	3f 	0 
d0 	3f 	0 
0 	3f 	0 
0 	0 	0 
0 	0 	0 
0 	0 	0 
7 	0 	0 
7 	0 	0 
7 	0 	0 
7 	0 	0 
b 	0 	0 
b 	0 	0 
b 	0 	0 
b 	0 	0 
0 	0 	0 
0 	0 	0 
0 	0 	0 
0 	0 	0 
0 	0 	0 
0 	0 	0 
0 	0 	0 
0 	0 	0 
0 	0 	0 
0 	0 	0 
0 	0 	0 
0 	0 	0 
0 	0 	0 
0 	0 	0 
0 	0 	0 
0 	0 	0 
0 	0 	0 
0 	0 	0 
0 	0 	0 
0 	0 	0 
0 	0 	0 
0 	0 	0 
0 	0 	0 
0 	0 	0 
0 	0 	0 
0 	0 	0 
0 	0 	0 
0 	0 	0 
0 	0 	0 
0 	0 	0 
0 	0 	0 
0 	0 	0 
0 	0 	0 
0 	0 	0 
0 	0 	0 
0 	0 	0 
0 	0 	0 
0 	0 	0 
0 	0 	0 
0 	0 	0 
0 	0 	0 
0 	0 	0 
0 	0 	0 
0 	0 	0 
0 	0 	0 
0 	0 	0 
0 	0 	0 
0 	0 	0 
0 	0 	0 
0 	0 	0 
0 	0 	0 
0 	0 	0 
0 	0 	0 
0 	0 	0 
0 	0 	0 
0 	0 	0 
0 	0 	0 
0 	0 	0 
0 	0 	0 
0 	0 	0 
0 	0 	0 
0 	0 	0 
0 	0 	0 
0 	0 	0 
0 	0 	0 
0 	0 	0 
0 	0 	0 
0 	0 	0 
0 	0 	0 
0 	0 	0 
0 	0 	0 
0 	0 	0 
0 	0 	0 
0 	0 	0 
0 	0 	0 
0 	0 	0 
0 	0 	0 
0 	0 	0 
0 	0 	0 
0 	0 	0 
0 	0 	0 
0 	0 	0 
0 	0 	0 
0 	0 	0 
0 	0 	0 
0 	0 	0 
0 	0 	0 
0 	0 	0 
0 	0 	0 
0 	0 	0 
0 	0 	0 
0 	0 	0 
0 	0 	0 
0 	0 	0 
0 	0 	0 
0 	0 	0 
0 	0 	0 
0 	0 	0 
0 	0 	0 
0 	0 	0 
0 	0 	0 
0 	0 	0 
0 	0 	0 
0 	0 	0 
0 	0 	0 
0 	0 	0 
0 	0 	0 
0 	0 	0 
0 	0 	0 
0 	0 	0 
0 	0 	0 
0 	0 	0 
0 	0 	0 
0 	0 	0 
0 	0 	0 
0 	0 	0 
0 	0 	0 
0 	0 	0 
0 	0 	0 
0 	0 	0 
0 	0 	0 
0 	0 	0 
0 	0 	0 
0 	0 	0 
0 	0 	0 
0 	0 	0 
0 	0 	0 
0 	0 	0 
0 	0 	0 
0 	0 	0 
0 	0 	0 
0 	0 	0 
0 	0 	0 
0 	0 	0 
0 	0 	0 
0 	0 	0 
0 	0 	0 
0 	0 	0 
0 	0 	0 
0 	0 	0 
0 	0 	0 
0 	0 	0 
0 	0 	0 
0 	0 	0 
0 	0 	0 
0 	0 	0 
0 	0 	0 
0 	0 	0 
0 	0 	0 
0 	0 	0 
0 	0 	0 
0 	0 	0 
0 	0 	0 
0 	0 	0 
0 	0 	0 
0 	0 	0 
0 	0 	0 
0 	0 	0 
0 	0 	0 
0 	0 	0 
0 	0 	0 
0 	0 	0 
0 	0 	0 
0 	0 	0 
0 	0 	0 
0 	0 	0 
0 	0 	0 
0 	0 	0 
0 	0 	0 
0 	0 	0 
0 	0 	0 
0 	0 	0 
0 	0 	0 
0 	0 	0 
0 	0 	0 
0 	0 	0 
0 	0 	0 
0 	0 	0 
0 	0 	0 
0 	0 	0 
0 	0 	0 
0 	0 	0 
0 	0 	0 
0 	0 	0 
0 	0 	0 
0 	0 	0 
0 	0 	0 
0 	0 	0 
0 	0 	0 
0 	0 	0 
0 	0 	0 
0 	0 	0 
0 	0 	0 
0 	0 	0 
0 	0 	0 
0 	0 	0 
0 	0 	0 
0 	0 	0 
0 	0 	0 
0 	0 	0 
0 	0 	0 
0 	0 	0 
0 	0 	0 
0 	0 	0 
0 	0 	0 
0 	0 	0 
0 	0 	0 
0 	0 	0 
0 	0 	0 
0 	0 	0 
0 	0 	0 
0 	0 	0 
0 	0 	0 
0 	0 	0 
0 	0 	0 
0 	0 	0 
0 	0 	0 
0 	0 	0 
0 	0 	0 
0 	0 	0 
0 	0 	0 
0 	0 	0 
0 	0 	0 
0 	0 	0 
0 	0 	0 
0 	0 	0 
0 	0 	0 
0 	0 	0 
0 	0 	0 
0 	0 	0 
0 	0 	0 
0 	0 	0 
0 	0 	0 
0 	0 	0 
0 	0 	0 
0 	0 	0 
0 	0 	0 
0 	0 	0 
0 	0 	0 
0 	0 	0 
0 	0 	0 
0 	0 	0 
0 	0 	0 
0 	0 	0 
0 	0 	0 
0 	0 	0 
0 	0 	0 
0 	0 	0 
0 	0 	0 
0 	0 	0 
0 	0 	0 
0 	0 	0 
0 	0 	0 
0 	0 	0 
0 	0 	0 
0 	0 	0 
0 	0 	0 
0 	0 	0 
0 	0 	0 
0 	0 	0 
0 	0 	0 
0 	0 	0 
0 	0 	0 
0 	0 	0 
0 	0 	0 
0 	0 	0 
0 	0 	0 
0 	0 	0 
0 	0 	0 
0 	0 	0 
0 	0 	0 
0 	0 	0 
0 	0 	0 
0 	0 	0 
0 	0 	0 
0 	0 	0 
0 	0 	0 
0 	0 	0 
0 	0 	0 
0 	0 	0 
0 	0 	0 
0 	0 	0 
0 	0 	0 
0 	0 	0 
0 	0 	0 
0 	0 	0 
0 	0 	0 
0 	0 	0 
0 	0 	0 
0 	0 	0 
0 	0 	0 
0 	0 	0 
0 	0 	0 
0 	0 	0 
0 	0 	0 
0 	0 	0 
0 	0 	0 
0 	0 	0 
0 	0 	0 
0 	0 	0 
0 	0 	0 
0 	0 	0 
0 	0 	0 
0 	0 	0 
0 	0 	0 
0 	0 	0 
0 	0 	0 
0 	0 	0 
0 	0 	0 
0 	0 	0 
0 	0 	0 
0 	0 	0 
0 	0 	0 
0 	0 	0 
0 	0 	0 
0 	0 	0 
0 	0 	0 
0 	0 	0 
0 	0 	0 
0 	0 	0 
0 	0 	0 
0 	0 	0 
0 	0 	0 
0 	0 	0 
0 	0 	0 
0 	0 	0 
0 	0 	0 
0 	0 	0 
0 	0 	0 
0 	0 	0 
0 	0 	0 
0 	0 	0 
0 	0 	0 
0 	0 	0 
0 	0 	0 
0 	0 	0 
0 	0 	0 
0 	0 	0 
0 	0 	0 
0 	0 	0 
0 	0 	0 
0 	0 	0 
0 	0 	0 
0 	0 	0 
0 	0 	0 
0 	0 	0 
0 	0 	0 
0 	0 	0 
0 	0 	0 
0 	0 	0 
0 	0 	0 
0 	0 	0 
0 	0 	0 
0 	0 	0 
0 	0 	0 
0 	0 	0 
0 	0 	0 
0 	0 	0 
0 	0 	0 
0 	0 	0 
0 	0 	0 
0 	0 	0 
0 	0 	0 
0 	0 	0 
0 	0 	0 
0 	0 	0 
0 	0 	0 
0 	0 	0 
0 	0 	0 
0 	0 	0 
0 	0 	0 
0 	0 	0 
0 	0 	0 
0 	0 	0 
0 	0 	0 
0 	0 	0 
0 	0 	0 
0 	0 	0 
0 	0 	0 
0 	0 	0 
0 	0 	0 
0 	0 	0 
0 	0 	0 
0 	0 	0 
0 	0 	0 
0 	0 	0 
0 	0 	0 
0 	0 	0 
0 	0 	0 
0 	0 	0 
0 	0 	0 
0 	0 	0 
0 	0 	0 
0 	0 	0 
0 	0 	0 
0 	0 	0 
0 	0 	0 
0 	0 	0 
0 	0 	0 
0 	0 	0 
0 	0 	0 
0 	0 	0 
0 	0 	0 
0 	0 	0 
0 	0 	0 
0 	0 	0 
0 	0 	0 
0 	0 	0 
0 	0 	0 
0 	0 	0 
0 	0 	0 
0 	0 	0 
0 	0 	0 
0 	0 	0 
0 	0 	0 
0 	0 	0 
0 	0 	0 
0 	0 	0 
0 	0 	0 
0 	0 	0 
0 	0 	0 
0 	0 	0 
0 	0 	0 
0 	0 	0 
0 	0 	0 
0 	0 	0 
0 	0 	0 
0 	0 	0 
0 	0 	0 
0 	0 	0 
0 	0 	0 
0 	0 	0 
0 	0 	0 
0 	0 	0 
0 	0 	0 
0 	0 	0 
0 	0 	0 
0 	0 	0 
0 	0 	0 
0 	0 	0 
0 	0 	0 
0 	0 	0 
0 	0 	0 
0 	0 	0 
0 	0 	0 
0 	0 	0 
0 	0 	0 
0 	0 	0 
0 	0 	0 
0 	0 	0 
0 	0 	0 
0 	0 	0 
0 	0 	0 
0 	0 	0 
0 	0 	0 
0 	0 	0 
0 	0 	0 
0 	0 	0 
0 	0 	0 
0 	0 	0 
0 	0 	0 
0 	0 	0 
0 	0 	0 
0 	0 	0 
0 	0 	0 
0 	0 	0 
0 	0 	0 
0 	0 	0 
0 	0 	0 
0 	0 	0 
0 	0 	0 
0 	0 	0 
0 	0 	0 
0 	0 	0 
0 	0 	0 
0 	0 	0 
0 	0 	0 
0 	0 	0 
0 	0 	0 
0 	0 	0 
0 	0 	0 
0 	0 	0 
0 	0 	0 
0 	0 	0 
0 	0 	0 
0 	0 	0 
0 	0 	0 
0 	0 	0 
0 	0 	0 
0 	0 	0 
0 	0 	0 
0 	0 	0 
0 	0 	0 
0 	0 	0 
0 	0 	0 
0 	0 	0 
0 	0 	0 
0 	0 	0 
0 	0 	0 
0 	0 	0 
0 	0 	0 
0 	0 	0 
0 	0 	0 
0 	0 	0 
0 	0 	0 
0 	0 	0 
0 	0 	0 
0 	0 	0 
0 	0 	0 
0 	0 	0 
0 	0 	0 
0 	0 	0 
0 	0 	0 
0 	0 	0 
0 	0 	0 
0 	0 	0 
0 	0 	0 
0 	0 	0 
0 	0 	0 
0 	0 	0 
0 	0 	0 
0 	0 	0 
0 	0 	0 
0 	0 	0 
0 	0 	0 
0 	0 	0 
0 	0 	0 
0 	0 	0 
0 	0 	0 
0 	0 	0 
0 	0 	0 
0 	0 	0 
0 	0 	0 
0 	0 	0 
0 	0 	0 
0 	0 	0 
0 	0 	0 
0 	0 	0 
0 	0 	0 
0 	0 	0 
0 	0 	0 
0 	0 	0 
0 	0 	0 
0 	0 	0 
0 	0 	0 
0 	0 	0 
0 	0 	0 
0 	0 	0 
0 	0 	0 
0 	0 	0 
0 	0 	0 
0 	0 	0 
0 	0 	0 
0 	0 	0 
0 	0 	0 
0 	0 	0 
0 	0 	0 
0 	0 	0 
0 	0 	0 
0 	0 	0 
0 	0 	0 
0 	0 	0 
0 	0 	0 
0 	0 	0 
0 	0 	0 
0 	0 	0 
0 	0 	0 
0 	0 	0 
0 	0 	0 
0 	0 	0 
0 	0 	0 
0 	0 	0 
0 	0 	0 
0 	0 	0 
0 	0 	0 
0 	0 	0 
0 	0 	0 
0 	0 	0 
0 	0 	0 
0 	0 	0 
0 	0 	0 
0 	0 	0 
0 	0 	0 
0 	0 	0 
0 	0 	0 
0 	0 	0 
0 	0 	0 
0 	0 	0 
0 	0 	0 
0 	0 	0 
0 	0 	0 
0 	0 	0 
0 	0 	0 
0 	0 	0 
0 	0 	0 
0 	0 	0 
0 	0 	0 
0 	0 	0 
0 	0 	0 
0 	0 	0 
0 	0 	0 
0 	0 	0 
0 	0 	0 
0 	0 	0 
0 	0 	0 
0 	0 	0 
0 	0 	0 
0 	0 	0 
0 	0 	0 
0 	0 	0 
0 	0 	0 
0 	0 	0 
0 	0 	0 
0 	0 	0 
0 	0 	0 
0 	0 	0 
0 	0 	0 
0 	0 	0 
0 	0 	0 
0 	0 	0 
0 	0 	0 
0 	0 	0 
0 	0 	0 
0 	0 	0 
0 	0 	0 
0 	0 	0 
0 	0 	0 
0 	0 	0 
0 	0 	0 
0 	0 	0 
0 	0 	0 
0 	0 	0 
0 	0 	0 
0 	0 	0 
0 	0 	0 
0 	0 	0 
0 	0 	0 
0 	0 	0 
0 	0 	0 
0 	0 	0 
0 	0 	0 
0 	0 	0 
0 	0 	0 
0 	0 	0 
0 	0 	0 
0 	0 	0 
0 	0 	0 
0 	0 	0 
0 	0 	0 
0 	0 	0 
0 	0 	0 
0 	0 	0 
0 	0 	0 
0 	0 	0 
0 	0 	0 
0 	0 	0 
0 	0 	0 
0 	0 	0 
0 	0 	0 
0 	0 	0 
0 	0 	0 
0 	0 	0 
0 	0 	0 
0 	0 	0 
0 	0 	0 
0 	0 	0 
0 	0 	0 
0 	0 	0 
0 	0 	0 
0 	0 	0 
0 	0 	0 
0 	0 	0 
0 	0 	0 
0 	0 	0 
0 	0 	0 
0 	0 	0 
0 	0 	0 
0 	0 	0 
0 	0 	0 
0 	0 	0 
0 	0 	0 
0 	0 	0 
0 	0 	0 
0 	0 	0 
0 	0 	0 
0 	0 	0 
0 	0 	0 
0 	0 	0 
0 	0 	0 
0 	0 	0 
0 	0 	0 
0 	0 	0 
0 	0 	0 
0 	0 	0 
0 	0 	0 
0 	0 	0 
0 	0 	0 
0 	0 	0 
0 	0 	0 
0 	0 	0 
0 	0 	0 
0 	0 	0 
0 	0 	0 
0 	0 	0 
0 	0 	0 
0 	0 	0 
0 	0 	0 
0 	0 	0 
0 	0 	0 
0 	0 	0 
0 	0 	0 
0 	0 	0 
0 	0 	0 
0 	0 	0 
0 	0 	0 
0 	0 	0 
0 	0 	0 
0 	0 	0 
0 	0 	0 
0 	0 	0 
0 	0 	0 
0 	0 	0 
0 	0 	0 
0 	0 	0 
0 	0 	0 
0 	0 	0 
0 	0 	0 
0 	0 	0 
0 	0 	0 
0 	0 	0 
0 	0 	0 
0 	0 	0 
0 	0 	0 
0 	0 	0 
0 	0 	0 
0 	0 	0 
0 	0 	0 
0 	0 	0 
0 	0 	0 
0 	0 	0 
0 	0 	0 
0 	0 	0 
0 	0 	0 
0 	0 	0 
0 	0 	0 
0 	0 	0 
0 	0 	0 
0 	0 	0 
0 	0 	0 
0 	0 	0 
0 	0 	0 
0 	0 	0 
0 	0 	0 
0 	0 	0 
0 	0 	0 
0 	0 	0 
0 	0 	0 
0 	0 	0 
0 	0 	0 
0 	0 	0 
0 	0 	0 
0 	0 	0 
0 	0 	0 
0 	0 	0 
0 	0 	0 
0 	0 	0 
0 	0 	0 
0 	0 	0 
0 	0 	0 
0 	0 	0 
0 	0 	0 
0 	0 	0 
0 	0 	0 
0 	0 	0 
0 	0 	0 
0 	0 	0 
0 	0 	0 
0 	0 	0 
0 	0 	0 
0 	0 	0 
0 	0 	0 
0 	0 	0 
0 	0 	0 
0 	0 	0 
0 	0 	0 
0 	0 	0 
0 	0 	0 
0 	0 	0 
0 	0 	0 
0 	0 	0 
0 	0 	0 
0 	0 	0 
0 	0 	0 
0 	0 	0 
0 	0 	0 
0 	0 	0 
0 	0 	0 
0 	0 	0 
0 	0 	0 
0 	0 	0 
0 	0 	0 
0 	0 	0 
0 	0 	0 
0 	0 	0 
0 	0 	0 
0 	0 	0 
0 	0 	0 
0 	0 	0 
0 	0 	0 
0 	0 	0 
0 	0 	0 
0 	0 	0 
0 	0 	0 
0 	0 	0 
0 	0 	0 
0 	0 	0 
0 	0 	0 
0 	0 	0 
0 	0 	0 
0 	0 	0 
0 	0 	0 
0 	0 	0 
0 	0 	0 
0 	0 	0 
0 	0 	0 
0 	0 	0 
0 	0 	0 
0 	0 	0 
0 	0 	0 
0 	0 	0 
0 	0 	0 
0 	0 	0 
0 	0 	0 
0 	0 	0 
0 	0 	0 
0 	0 	0 
0 	0 	0 
0 	0 	0 
0 	0 	0 
0 	0 	0 
0 	0 	0 
0 	0 	0 
0 	0 	0 
0 	0 	0 
0 	0 	0 
0 	0 	0 
0 	0 	0 
0 	0 	0 
0 	0 	0 
0 	0 	0 
0 	0 	0 
0 	0 	0 
0 	0 	0 
0 	0 	0 
0 	0 	0 
0 	0 	0 
0 	0 	0 
0 	0 	0 
0 	0 	0 
0 	0 	0 
0 	0 	0 
0 	0 	0 
0 	0 	0 
0 	0 	0 
0 	0 	0 
0 	0 	0 
0 	0 	0 
0 	0 	0 
0 	0 	0 
0 	0 	0 
0 	0 	0 
0 	0 	0 
0 	0 	0 
0 	0 	0 
0 	0 	0 
0 	0 	0 
0 	0 	0 
0 	0 	0 
0 	0 	0 
0 	0 	0 
0 	0 	0 
0 	0 	0 
0 	0 	0 
0 	0 	0 
0 	0 	0 
0 	0 	0 
0 	0 	0 
0 	0 	0 
0 	0 	0 
0 	0 	0 
0 	0 	0 
0 	0 	0 
0 	0 	0 
0 	0 	0 
0 	0 	0 
0 	0 	0 
0 	0 	0 
0 	0 	0 
0 	0 	0 
0 	0 	0 
0 	0 	0 
0 	0 	0 
0 	0 	0 
0 	0 	0 
0 	0 	0 
0 	0 	0 
0 	0 	0 
0 	0 	0 
0 	0 	0 
0 	0 	0 
0 	0 	0 
0 	0 	0 
0 	0 	0 
0 	0 	0 
0 	0 	0 
0 	0 	0 
0 	0 	0 
0 	0 	0 
0 	0 	0 
0 	0 	0 
0 	0 	0 
0 	0 	0 
0 	0 	0 
0 	0 	0 
0 	0 	0 
0 	0 	0 
0 	0 	0 
0 	0 	0 
0 	0 	0 
0 	0 	0 
0 	0 	0 
0 	0 	0 
0 	0 	0 
0 	0 	0 
0 	0 	0 
0 	0 	0 
0 	0 	0 
0 	0 	0 
0 	0 	0 
0 	0 	0 
0 	0 	0 
0 	0 	0 
0 	0 	0 
0 	0 	0 
0 	0 	0 
0 	0 	0 
0 	0 	0 
0 	0 	0 
0 	0 	0 
0 	0 	0 
0 	0 	0 
0 	0 	0 
0 	0 	0 
0 	0 	0 
0 	0 	0 
0 	0 	0 
0 	0 	0 
0 	0 	0 
0 	0 	0 
0 	0 	0 
0 	0 	0 
0 	0 	0 
0 	0 	0 
0 	0 	0 
0 	0 	0 
0 	0 	0 
0 	0 	0 
0 	0 	0 
0 	0 	0 
0 	0 	0 
0 	0 	0 
0 	0 	0 
0 	0 	0 
0 	0 	0 
0 	0 	0 
0 	0 	0 
0 	0 	0 
0 	0 	0 
0 	0 	0 
0 	0 	0 
0 	0 	0 
0 	0 	0 
0 	0 	0 
0 	0 	0 
0 	0 	0 
0 	0 	0 
0 	0 	0 
0 	0 	0 
0 	0 	0 
0 	0 	0 
0 	0 	0 
0 	0 	0 
0 	0 	0 
0 	0 	0 
0 	0 	0 
0 	0 	0 
0 	0 	0 
0 	0 	0 
0 	0 	0 
0 	0 	0 
0 	0 	0 
0 	0 	0 
0 	0 	0 
0 	0 	0 
0 	0 	0 
0 	0 	0 
0 	0 	0 
0 	0 	0 
0 	0 	0 
0 	0 	0 
0 	0 	0 
0 	0 	0 
0 	0 	0 
0 	0 	0 
0 	0 	0 
0 	0 	0 
0 	0 	0 
0 	0 	0 
0 	0 	0 
0 	0 	0 
0 	0 	0 
0 	0 	0 
0 	0 	0 
0 	0 	0 
0 	0 	0 
0 	0 	0 
0 	0 	0 
0 	0 	0 
0 	0 	0 
0 	0 	0 
0 	0 	0 
0 	0 	0 
0 	0 	0 
0 	0 	0 
0 	0 	0 
0 	0 	0 
0 	0 	0 
0 	0 	0 
0 	0 	0 
0 	0 	0 
0 	0 	0 
0 	0 	0 
0 	0 	0 
0 	0 	0 
0 	0 	0 
0 	0 	0 
0 	0 	0 
0 	0 	0 
0 	0 	0 
0 	0 	0 
0 	0 	0 
0 	0 	0 
0 	0 	0 
0 	0 	0 
0 	0 	0 
0 	0 	0 
0 	0 	0 
0 	0 	0 
0 	0 	0 
0 	0 	0 
0 	0 	0 
0 	0 	0 
0 	0 	0 
0 	0 	0 
0 	0 	0 
0 	0 	0 
0 	0 	0 
0 	0 	0 
0 	0 	0 
0 	0 	0 
0 	0 	0 
0 	0 	0 
0 	0 	0 
0 	0 	0 
0 	0 	0 
0 	0 	0 
0 	0 	0 
0 	0 	0 
0 	0 	0 
0 	0 	0 
0 	0 	0 
0 	0 	0 
0 	0 	0 
0 	0 	0 
0 	0 	0 
0 	0 	0 
0 	0 	0 
0 	0 	0 
0 	0 	0 
0 	0 	0 
0 	0 	0 
0 	0 	0 
0 	0 	0 
0 	0 	0 
0 	0 	0 
0 	0 	0 
0 	0 	0 
0 	0 	0 
0 	0 	0 
0 	0 	0 
0 	0 	0 
0 	0 	0 
0 	0 	0 
0 	0 	0 
0 	0 	0 
0 	0 	0 
0 	0 	0 
0 	0 	0 
0 	0 	0 
0 	0 	0 
0 	0 	0 
0 	0 	0 
0 	0 	0 
0 	0 	0 
0 	0 	0 
0 	0 	0 
0 	0 	0 
0 	0 	0 
0 	0 	0 
0 	0 	0 
0 	0 	0 
0 	0 	0 
0 	0 	0 
0 	0 	0 
0 	0 	0 
0 	0 	0 
0 	0 	0 
0 	0 	0 
0 	0 	0 
0 	0 	0 
0 	0 	0 
0 	0 	0 
0 	0 	0 
0 	0 	0 
0 	0 	0 
0 	0 	0 
0 	0 	0 
0 	0 	0 
0 	0 	0 
0 	0 	0 
0 	0 	0 
0 	0 	0 
0 	0 	0 
0 	0 	0 
0 	0 	0 
0 	0 	0 
0 	0 	0 
0 	0 	0 
0 	0 	0 
0 	0 	0 
0 	0 	0 
0 	0 	0 
0 	0 	0 
0 	0 	0 
0 	0 	0 
0 	0 	0 
0 	0 	0 
0 	0 	0 
0 	0 	0 
0 	0 	0 
0 	0 	0 
0 	0 	0 
0 	0 	0 
0 	0 	0 
0 	0 	0 
0 	0 	0 
0 	0 	0 
0 	0 	0 
0 	0 	0 
0 	0 	0 
0 	0 	0 
0 	0 	0 
0 	0 	0 
0 	0 	0 
0 	0 	0 
0 	0 	0 
0 	0 	0 
0 	0 	0 
0 	0 	0 
0 	0 	0 
0 	0 	0 
0 	0 	0 
0 	0 	0 
0 	0 	0 
0 	0 	0 
0 	0 	0 
0 	0 	0 
0 	0 	0 
0 	0 	0 
0 	0 	0 
0 	0 	0 
0 	0 	0 
0 	0 	0 
0 	0 	0 
0 	0 	0 
0 	0 	0 
0 	0 	0 
0 	0 	0 
0 	0 	0 
0 	0 	0 
0 	0 	0 
0 	0 	0 
0 	0 	0 
0 	0 	0 
0 	0 	0 
0 	0 	0 
0 	0 	0 
0 	0 	0 
0 	0 	0 
0 	0 	0 
0 	0 	0 
0 	0 	0 
0 	0 	0 
0 	0 	0 
0 	0 	0 
0 	0 	0 
0 	0 	0 
0 	0 	0 
0 	0 	0 
0 	0 	0 
0 	0 	0 
0 	0 	0 
0 	0 	0 
0 	0 	0 
0 	0 	0 
0 	0 	0 
0 	0 	0 
0 	0 	0 
0 	0 	0 
0 	0 	0 
0 	0 	0 
0 	0 	0 
0 	0 	0 
0 	0 	0 
0 	0 	0 
0 	0 	0 
0 	0 	0 
0 	0 	0 
0 	0 	0 
0 	0 	0 
0 	0 	0 
0 	0 	0 
0 	0 	0 
0 	0 	0 
0 	0 	0 
0 	0 	0 
0 	0 	0 
0 	0 	0 
0 	0 	0 
0 	0 	0 
0 	0 	0 
0 	0 	0 
0 	0 	0 
0 	0 	0 
0 	0 	0 
0 	0 	0 
0 	0 	0 
0 	0 	0 
0 	0 	0 
0 	0 	0 
0 	0 	0 
0 	0 	0 
0 	0 	0 
0 	0 	0 
0 	0 	0 
0 	0 	0 
0 	0 	0 
0 	0 	0 
0 	0 	0 
0 	0 	0 
0 	0 	0 
0 	0 	0 
0 	0 	0 
0 	0 	0 
0 	0 	0 
0 	0 	0 
0 	0 	0 
0 	0 	0 
0 	0 	0 
0 	0 	0 
0 	0 	0 
0 	0 	0 
0 	0 	0 
0 	0 	0 
0 	0 	0 
0 	0 	0 
0 	0 	0 
0 	0 	0 
0 	0 	0 
0 	0 	0 
0 	0 	0 
0 	0 	0 
0 	0 	0 
0 	0 	0 
0 	0 	0 
0 	0 	0 
0 	0 	0 
0 	0 	0 
0 	0 	0 
0 	0 	0 
0 	0 	0 
0 	0 	0 
0 	0 	0 
0 	0 	0 
0 	0 	0 
0 	0 	0 
0 	0 	0 
0 	0 	0 
0 	0 	0 
0 	0 	0 
0 	0 	0 
0 	0 	0 
0 	0 	0 
0 	0 	0 
0 	0 	0 
0 	0 	0 
0 	0 	0 
0 	0 	0 
0 	0 	0 
0 	0 	0 
0 	0 	0 
0 	0 	0 
0 	0 	0 
0 	0 	0 
0 	0 	0 
0 	0 	0 
0 	0 	0 
0 	0 	0 
0 	0 	0 
0 	0 	0 
0 	0 	0 
0 	0 	0 
0 	0 	0 
0 	0 	0 
0 	0 	0 
0 	0 	0 
0 	0 	0 
0 	0 	0 
0 	0 	0 
0 	0 	0 
0 	0 	0 
0 	0 	0 
0 	0 	0 
0 	0 	0 
0 	0 	0 
0 	0 	0 
0 	0 	0 
0 	0 	0 
0 	0 	0 
0 	0 	0 
0 	0 	0 
0 	0 	0 
0 	0 	0 
0 	0 	0 
0 	0 	0 
0 	0 	0 
0 	0 	0 
0 	0 	0 
0 	0 	0 
0 	0 	0 
0 	0 	0 
0 	0 	0 
0 	0 	0 
0 	0 	0 
0 	0 	0 
0 	0 	0 
0 	0 	0 
0 	0 	0 
0 	0 	0 
0 	0 	0 
0 	0 	0 
0 	0 	0 
0 	0 	0 
0 	0 	0 
0 	0 	0 
0 	0 	0 
0 	0 	0 
0 	0 	0 
0 	0 	0 
0 	0 	0 
0 	0 	0 
0 	0 	0 
0 	0 	0 
0 	0 	0 
0 	0 	0 
0 	0 	0 
0 	0 	0 
0 	0 	0 
0 	0 	0 
0 	0 	0 
0 	0 	0 
0 	0 	0 
0 	0 	0 
0 	0 	0 
0 	0 	0 
0 	0 	0 
0 	0 	0 
0 	0 	0 
0 	0 	0 
0 	0 	0 
0 	0 	0 
0 	0 	0 
0 	0 	0 
0 	0 	0 
0 	0 	0 
0 	0 	0 
0 	0 	0 
0 	0 	0 
0 	0 	0 
0 	0 	0 
0 	0 	0 
0 	0 	0 
0 	0 	0 
0 	0 	0 
0 	0 	0 
0 	0 	0 
0 	0 	0 
0 	0 	0 
0 	0 	0 
0 	0 	0 
0 	0 	0 
0 	0 	0 
0 	0 	0 
0 	0 	0 
0 	0 	0 
0 	0 	0 
0 	0 	0 
0 	0 	0 
0 	0 	0 
0 	0 	0 
0 	0 	0 
0 	0 	0 
0 	0 	0 
0 	0 	0 
0 	0 	0 
0 	0 	0 
0 	0 	0 
0 	0 	0 
0 	0 	0 
0 	0 	0 
0 	0 	0 
0 	0 	0 
0 	0 	0 
0 	0 	0 
0 	0 	0 
0 	0 	0 
0 	0 	0 
0 	0 	0 
0 	0 	0 
0 	0 	0 
0 	0 	0 
0 	0 	0 
0 	0 	0 
0 	0 	0 
0 	0 	0 
0 	0 	0 
0 	0 	0 
0 	0 	0 
0 	0 	0 
0 	0 	0 
0 	0 	0 
0 	0 	0 
0 	0 	0 
0 	0 	0 
0 	0 	0 
0 	0 	0 
0 	0 	0 
0 	0 	0 
0 	0 	0 
0 	0 	0 
0 	0 	0 
0 	0 	0 
0 	0 	0 
0 	0 	0 
0 	0 	0 
0 	0 	0 
0 	0 	0 
0 	0 	0 
0 	0 	0 
0 	0 	0 
0 	0 	0 
0 	0 	0 
0 	0 	0 
0 	0 	0 
0 	0 	0 
0 	0 	0 
0 	0 	0 
0 	0 	0 
0 	0 	0 
0 	0 	0 
0 	0 	0 
0 	0 	0 
0 	0 	0 
0 	0 	0 
0 	0 	0 
0 	0 	0 
0 	0 	0 
0 	0 	0 
0 	0 	0 
0 	0 	0 
0 	0 	0 
0 	0 	0 
0 	0 	0 
0 	0 	0 
0 	0 	0 
0 	0 	0 
0 	0 	0 
0 	0 	0 
0 	0 	0 
0 	0 	0 
0 	0 	0 
0 	0 	0 
0 	0 	0 
0 	0 	0 
0 	0 	0 
0 	0 	0 
0 	0 	0 
0 	0 	0 
0 	0 	0 
0 	0 	0 
0 	0 	0 
0 	0 	0 
0 	0 	0 
0 	0 	0 
0 	0 	0 
0 	0 	0 
0 	0 	0 
0 	0 	0 
0 	0 	0 
0 	0 	0 
0 	0 	0 
0 	0 	0 
0 	0 	0 
0 	0 	0 
0 	0 	0 
0 	0 	0 
0 	0 	0 
0 	0 	0 
0 	0 	0 
0 	0 	0 
0 	0 	0 
0 	0 	0 
0 	0 	0 
0 	0 	0 
0 	0 	0 
0 	0 	0 
0 	0 	0 
0 	0 	0 
0 	0 	0 
0 	0 	0 
0 	0 	0 
0 	0 	0 
0 	0 	0 
0 	0 	0 
0 	0 	0 
0 	0 	0 
0 	0 	0 
0 	0 	0 
0 	0 	0 
0 	0 	0 
0 	0 	0 
0 	0 	0 
0 	0 	0 
0 	0 	0 
0 	0 	0 
0 	0 	0 
0 	0 	0 
0 	0 	0 
0 	0 	0 
0 	0 	0 
0 	0 	0 
0 	0 	0 
0 	0 	0 
0 	0 	0 
0 	0 	0 
0 	0 	0 
0 	0 	0 
0 	0 	0 
0 	0 	0 
0 	0 	0 
0 	0 	0 
0 	0 	0 
0 	0 	0 
0 	0 	0 
0 	0 	0 
0 	0 	0 
0 	0 	0 
0 	0 	0 
0 	0 	0 
0 	0 	0 
0 	0 	0 
0 	0 	0 
0 	0 	0 
0 	0 	0 
0 	0 	0 
0 	0 	0 
0 	0 	0 
0 	0 	0 
0 	0 	0 
0 	0 	0 
0 	0 	0 
0 	0 	0 
0 	0 	0 
0 	0 	0 
0 	0 	0 
0 	0 	0 
0 	0 	0 
0 	0 	0 
0 	0 	0 
0 	0 	0 
0 	0 	0 
0 	0 	0 
0 	0 	0 
0 	0 	0 
0 	0 	0 
0 	0 	0 
0 	0 	0 
0 	0 	0 
0 	0 	0 
0 	0 	0 
0 	0 	0 
0 	0 	0 
0 	0 	0 
0 	0 	0 
0 	0 	0 
0 	0 	0 
0 	0 	0 
0 	0 	0 
0 	0 	0 
0 	0 	0 
0 	0 	0 
0 	0 	0 
0 	0 	0 
0 	0 	0 
0 	0 	0 
0 	0 	0 
0 	0 	0 
0 	0 	0 
0 	0 	0 
0 	0 	0 
0 	0 	0 
0 	0 	0 
0 	0 	0 
0 	0 	0 
0 	0 	0 
0 	0 	0 
0 	0 	0 
0 	0 	0 
0 	0 	0 
0 	0 	0 
0 	0 	0 
0 	0 	0 
0 	0 	0 
0 	0 	0 
0 	0 	0 
0 	0 	0 
0 	0 	0 
0 	0 	0 
0 	0 	0 
0 	0 	0 
0 	0 	0 
0 	0 	0 
0 	0 	0 
0 	0 	0 
0 	0 	0 
0 	0 	0 
0 	0 	0 
0 	0 	0 
0 	0 	0 
0 	0 	0 
0 	0 	0 
0 	0 	0 
0 	0 	0 
0 	0 	0 
0 	0 	0 
0 	0 	0 
0 	0 	0 
0 	0 	0 
0 	0 	0 
0 	0 	0 
0 	0 	0 
0 	0 	0 
0 	0 	0 
0 	0 	0 
0 	0 	0 
0 	0 	0 
0 	0 	0 
0 	0 	0 
0 	0 	0 
0 	0 	0 
0 	0 	0 
0 	0 	0 
0 	0 	0 
0 	0 	0 
0 	0 	0 
0 	0 	0 
0 	0 	0 
0 	0 	0 
0 	0 	0 
0 	0 	0 
0 	0 	0 
0 	0 	0 
0 	0 	0 
0 	0 	0 
0 	0 	0 
0 	0 	0 
0 	0 	0 
0 	0 	0 
0 	0 	0 
0 	0 	0 
0 	0 	0 
0 	0 	0 
0 	0 	0 
0 	0 	0 
0 	0 	0 
0 	0 	0 
0 	0 	0 
0 	0 	0 
0 	0 	0 
0 	0 	0 
0 	0 	0 
0 	0 	0 
0 	0 	0 
0 	0 	0 
0 	0 	0 
0 	0 	0 
0 	0 	0 
0 	0 	0 
0 	0 	0 
0 	0 	0 
0 	0 	0 
0 	0 	0 
0 	0 	0 
0 	0 	0 
0 	0 	0 
0 	0 	0 
0 	0 	0 
0 	0 	0 
0 	0 	0 
0 	0 	0 
0 	0 	0 
0 	0 	0 
0 	0 	0 
0 	0 	0 
0 	0 	0 
0 	0 	0 
0 	0 	0 
0 	0 	0 
0 	0 	0 
0 	0 	0 
0 	0 	0 
0 	0 	0 
0 	0 	0 
0 	0 	0 
0 	0 	0 
0 	0 	0 
0 	0 	0 
0 	0 	0 
0 	0 	0 
0 	0 	0 
0 	0 	0 
0 	0 	0 
0 	0 	0 
0 	0 	0 
0 	0 	0 
0 	0 	0 
0 	0 	0 
0 	0 	0 
0 	0 	0 
0 	0 	0 
0 	0 	0 
0 	0 	0 
0 	0 	0 
0 	0 	0 
0 	0 	0 
0 	0 	0 
0 	0 	0 
0 	0 	0 
0 	0 	0 
0 	0 	0 
0 	0 	0 
0 	0 	0 
0 	0 	0 
0 	0 	0 
0 	0 	0 
0 	0 	0 
0 	0 	0 
0 	0 	0 
0 	0 	0 
0 	0 	0 
0 	0 	0 
0 	0 	0 
0 	0 	0 
0 	0 	0 
0 	0 	0 
0 	0 	0 
0 	0 	0 
0 	0 	0 
0 	0 	0 
0 	0 	0 
0 	0 	0 
0 	0 	0 
0 	0 	0 
0 	0 	0 
0 	0 	0 
0 	0 	0 
0 	0 	0 
0 	0 	0 
0 	0 	0 
0 	0 	0 
0 	0 	0 
0 	0 	0 
0 	0 	0 
0 	0 	0 
0 	0 	0 
0 	0 	0 
0 	0 	0 
0 	0 	0 
0 	0 	0 
0 	0 	0 
0 	0 	0 
0 	0 	0 
0 	0 	0 
0 	0 	0 
0 	0 	0 
0 	0 	0 
0 	0 	0 
0 	0 	0 
0 	0 	0 
0 	0 	0 
0 	0 	0 
0 	0 	0 
0 	0 	0 
0 	0 	0 
0 	0 	0 
0 	0 	0 
0 	0 	0 
0 	0 	0 
0 	0 	0 
0 	0 	0 
0 	0 	0 
0 	0 	0 
0 	0 	0 
0 	0 	0 
0 	0 	0 
0 	0 	0 
0 	0 	0 
0 	0 	0 
0 	0 	0 
0 	0 	0 
0 	0 	0 
0 	0 	0 
0 	0 	0 
0 	0 	0 
0 	0 	0 
0 	0 	0 
0 	0 	0 
0 	0 	0 
0 	0 	0 
0 	0 	0 
0 	0 	0 
0 	0 	0 
0 	0 	0 
0 	0 	0 
0 	0 	0 
0 	0 	0 
0 	0 	0 
0 	0 	0 
0 	0 	0 
0 	0 	0 
0 	0 	0 
0 	0 	0 
0 	0 	0 
0 	0 	0 
0 	0 	0 
0 	0 	0 
0 	0 	0 
0 	0 	0 
0 	0 	0 
0 	0 	0 
0 	0 	0 
0 	0 	0 
0 	0 	0 
0 	0 	0 
0 	0 	0 
0 	0 	0 
0 	0 	0 
0 	0 	0 
0 	0 	0 
0 	0 	0 
0 	0 	0 
0 	0 	0 
0 	0 	0 
0 	0 	0 
0 	0 	0 
0 	0 	0 
0 	0 	0 
0 	0 	0 
0 	0 	0 
0 	0 	0 
0 	0 	0 
0 	0 	0 
0 	0 	0 
0 	0 	0 
0 	0 	0 
0 	0 	0 
0 	0 	0 
0 	0 	0 
0 	0 	0 
0 	0 	0 
0 	0 	0 
0 	0 	0 
0 	0 	0 
0 	0 	0 
0 	0 	0 
0 	0 	0 
0 	0 	0 
0 	0 	0 
0 	0 	0 
0 	0 	0 
0 	0 	0 
0 	0 	0 
0 	0 	0 
0 	0 	0 
0 	0 	0 
0 	0 	0 
0 	0 	0 
0 	0 	0 
0 	0 	0 
0 	0 	0 
0 	0 	0 
0 	0 	0 
0 	0 	0 
0 	0 	0 
0 	0 	0 
0 	0 	0 
0 	0 	0 
0 	0 	0 
0 	0 	0 
0 	0 	0 
0 	0 	0 
0 	0 	0 
0 	0 	0 
0 	0 	0 
0 	0 	0 
0 	0 	0 
0 	0 	0 
0 	0 	0 
0 	0 	0 
0 	0 	0 
0 	0 	0 
0 	0 	0 
0 	0 	0 
0 	0 	0 
0 	0 	0 
0 	0 	0 
0 	0 	0 
0 	0 	0 
0 	0 	0 
0 	0 	0 
0 	0 	0 
0 	0 	0 
0 	0 	0 
0 	0 	0 
0 	0 	0 
0 	0 	0 
0 	0 	0 
0 	0 	0 
0 	0 	0 
0 	0 	0 
0 	0 	0 
0 	0 	0 
0 	0 	0 
0 	0 	0 
0 	0 	0 
0 	0 	0 
0 	0 	0 
0 	0 	0 
0 	0 	0 
0 	0 	0 
0 	0 	0 
0 	0 	0 
0 	0 	0 
0 	0 	0 
0 	0 	0 
0 	0 	0 
0 	0 	0 
0 	0 	0 
0 	0 	0 
0 	0 	0 
0 	0 	0 
0 	0 	0 
0 	0 	0 
0 	0 	0 
0 	0 	0 
0 	0 	0 
0 	0 	0 
0 	0 	0 
0 	0 	0 
0 	0 	0 
0 	0 	0 
0 	0 	0 
0 	0 	0 
0 	0 	0 
0 	0 	0 
0 	0 	0 
0 	0 	0 
0 	0 	0 
0 	0 	0 
0 	0 	0 
0 	0 	0 
0 	0 	0 
0 	0 	0 
0 	0 	0 
0 	0 	0 
0 	0 	0 
0 	0 	0 
0 	0 	0 
0 	0 	0 
0 	0 	0 
0 	0 	0 
0 	0 	0 
0 	0 	0 
0 	0 	0 
0 	0 	0 
0 	0 	0 
0 	0 	0 
0 	0 	0 
0 	0 	0 
0 	0 	0 
0 	0 	0 
0 	0 	0 
0 	0 	0 
0 	0 	0 
0 	0 	0 
0 	0 	0 
0 	0 	0 
0 	0 	0 
0 	0 	0 
0 	0 	0 
0 	0 	0 
0 	0 	0 
0 	0 	0 
0 	0 	0 
0 	0 	0 
0 	0 	0 
0 	0 	0 
0 	0 	0 
0 	0 	0 
0 	0 	0 
0 	0 	0 
0 	0 	0 
0 	0 	0 
0 	0 	0 
0 	0 	0 
0 	0 	0 
0 	0 	0 
0 	0 	0 
0 	0 	0 
0 	0 	0 
0 	0 	0 
0 	0 	0 
0 	0 	0 
0 	0 	0 
0 	0 	0 
0 	0 	0 
0 	0 	0 
0 	0 	0 
0 	0 	0 
0 	0 	0 
0 	0 	0 
0 	0 	0 
0 	0 	0 
0 	0 	0 
0 	0 	0 
0 	0 	0 
0 	0 	0 
0 	0 	0 
0 	0 	0 
0 	0 	0 
0 	0 	0 
0 	0 	0 
0 	0 	0 
0 	0 	0 
0 	0 	0 
0 	0 	0 
0 	0 	0 
0 	0 	0 
0 	0 	0 
0 	0 	0 
0 	0 	0 
0 	0 	0 
0 	0 	0 
0 	0 	0 
0 	0 	0 
0 	0 	0 
f3 	0 	0 
f3 	f 	0 
f3 	f 	1e 
f3 	f 	1e 
48 	f 	1e 
48 	83 	1e 
48 	83 	ec 
48 	83 	ec 
48 	83 	ec 
48 	8b 	ec 
48 	8b 	5 
48 	8b 	5 
2f 	8b 	5 
2f 	0 	5 
2f 	0 	0 
2f 	0 	0 
85 	0 	0 
85 	c0 	0 
85 	c0 	74 
85 	c0 	74 
ff 	c0 	74 
ff 	d0 	74 
ff 	d0 	48 
ff 	d0 	48 
c4 	d0 	48 
c4 	8 	48 
c4 	8 	c3 
c4 	8 	c3 
0 	8 	c3 
0 	0 	c3 
0 	0 	0 
0 	0 	0 
ff 	0 	0 
ff 	35 	0 
ff 	35 	62 
ff 	35 	62 
0 	35 	62 
0 	0 	62 
0 	0 	f2 
0 	0 	f2 
25 	0 	f2 
25 	63 	f2 
25 	63 	2f 
25 	63 	2f 
0 	63 	2f 
0 	f 	2f 
0 	f 	1f 
0 	f 	1f 
f3 	f 	1f 
f3 	f 	1f 
f3 	f 	1e 
f3 	f 	1e 
68 	f 	1e 
68 	0 	1e 
68 	0 	0 
68 	0 	0 
0 	0 	0 
0 	f2 	0 
0 	f2 	e9 
0 	f2 	e9 
ff 	f2 	e9 
ff 	ff 	e9 
ff 	ff 	ff 
ff 	ff 	ff 
f3 	ff 	ff 
f3 	f 	ff 
f3 	f 	1e 
f3 	f 	1e 
68 	f 	1e 
68 	1 	1e 
68 	1 	0 
68 	1 	0 
0 	1 	0 
0 	f2 	0 
0 	f2 	e9 
0 	f2 	e9 
ff 	f2 	e9 
ff 	ff 	e9 
ff 	ff 	ff 
ff 	ff 	ff 
f3 	ff 	ff 
f3 	f 	ff 
f3 	f 	1e 
f3 	f 	1e 
68 	f 	1e 
68 	2 	1e 
68 	2 	0 
68 	2 	0 
0 	2 	0 
0 	f2 	0 
0 	f2 	e9 
0 	f2 	e9 
ff 	f2 	e9 
ff 	ff 	e9 
ff 	ff 	ff 
ff 	ff 	ff 
f3 	ff 	ff 
f3 	f 	ff 
f3 	f 	1e 
f3 	f 	1e 
68 	f 	1e 
68 	3 	1e 
68 	3 	0 
68 	3 	0 
0 	3 	0 
0 	f2 	0 
0 	f2 	e9 
0 	f2 	e9 
ff 	f2 	e9 
ff 	ff 	e9 
ff 	ff 	ff 
ff 	ff 	ff 
f3 	ff 	ff 
f3 	f 	ff 
f3 	f 	1e 
f3 	f 	1e 
68 	f 	1e 
68 	4 	1e 
68 	4 	0 
68 	4 	0 
0 	4 	0 
0 	f2 	0 
0 	f2 	e9 
0 	f2 	e9 
ff 	f2 	e9 
ff 	ff 	e9 
ff 	ff 	ff 
ff 	ff 	ff 
f3 	ff 	ff 
f3 	f 	ff 
f3 	f 	1e 
f3 	f 	1e 
68 	f 	1e 
68 	5 	1e 
68 	5 	0 
68 	5 	0 
0 	5 	0 
0 	f2 	0 
0 	f2 	e9 
0 	f2 	e9 
ff 	f2 	e9 
ff 	ff 	e9 
ff 	ff 	ff 
ff 	ff 	ff 
f3 	ff 	ff 
f3 	f 	ff 
f3 	f 	1e 
f3 	f 	1e 
68 	f 	1e 
68 	6 	1e 
68 	6 	0 
68 	6 	0 
0 	6 	0 
0 	f2 	0 
0 	f2 	e9 
0 	f2 	e9 
ff 	f2 	e9 
ff 	ff 	e9 
ff 	ff 	ff 
ff 	ff 	ff 
f3 	ff 	ff 
f3 	f 	ff 
f3 	f 	1e 
f3 	f 	1e 
68 	f 	1e 
68 	7 	1e 
68 	7 	0 
68 	7 	0 
0 	7 	0 
0 	f2 	0 
0 	f2 	e9 
0 	f2 	e9 
ff 	f2 	e9 
ff 	ff 	e9 
ff 	ff 	ff 
ff 	ff 	ff 
f3 	ff 	ff 
f3 	f 	ff 
f3 	f 	1e 
f3 	f 	1e 
f2 	f 	1e 
f2 	ff 	1e 
f2 	ff 	25 
f2 	ff 	25 
2f 	ff 	25 
2f 	0 	25 
2f 	0 	0 
2f 	0 	0 
1f 	0 	0 
1f 	44 	0 
1f 	44 	0 
1f 	44 	0 
f3 	44 	0 
f3 	f 	0 
f3 	f 	1e 
f3 	f 	1e 
f2 	f 	1e 
f2 	ff 	1e 
f2 	ff 	25 
f2 	ff 	25 
2e 	ff 	25 
2e 	0 	25 
2e 	0 	0 
2e 	0 	0 
1f 	0 	0 
1f 	44 	0 
1f 	44 	0 
1f 	44 	0 
f3 	44 	0 
f3 	f 	0 
f3 	f 	1e 
f3 	f 	1e 
f2 	f 	1e 
f2 	ff 	1e 
f2 	ff 	25 
f2 	ff 	25 
2e 	ff 	25 
2e 	0 	25 
2e 	0 	0 
2e 	0 	0 
1f 	0 	0 
1f 	44 	0 
1f 	44 	0 
1f 	44 	0 
f3 	44 	0 
f3 	f 	0 
f3 	f 	1e 
f3 	f 	1e 
f2 	f 	1e 
f2 	ff 	1e 
f2 	ff 	25 
f2 	ff 	25 
2e 	ff 	25 
2e 	0 	25 
2e 	0 	0 
2e 	0 	0 
1f 	0 	0 
1f 	44 	0 
1f 	44 	0 
1f 	44 	0 
f3 	44 	0 
f3 	f 	0 
f3 	f 	1e 
f3 	f 	1e 
f2 	f 	1e 
f2 	ff 	1e 
f2 	ff 	25 
f2 	ff 	25 
2e 	ff 	25 
2e 	0 	25 
2e 	0 	0 
2e 	0 	0 
1f 	0 	0 
1f 	44 	0 
1f 	44 	0 
1f 	44 	0 
f3 	44 	0 
f3 	f 	0 
f3 	f 	1e 
f3 	f 	1e 
f2 	f 	1e 
f2 	ff 	1e 
f2 	ff 	25 
f2 	ff 	25 
2e 	ff 	25 
2e 	0 	25 
2e 	0 	0 
2e 	0 	0 
1f 	0 	0 
1f 	44 	0 
1f 	44 	0 
1f 	44 	0 
f3 	44 	0 
f3 	f 	0 
f3 	f 	1e 
f3 	f 	1e 
f2 	f 	1e 
f2 	ff 	1e 
f2 	ff 	25 
f2 	ff 	25 
2e 	ff 	25 
2e 	0 	25 
2e 	0 	0 
2e 	0 	0 
1f 	0 	0 
1f 	44 	0 
1f 	44 	0 
1f 	44 	0 
f3 	44 	0 
f3 	f 	0 
f3 	f 	1e 
f3 	f 	1e 
f2 	f 	1e 
f2 	ff 	1e 
f2 	ff 	25 
f2 	ff 	25 
2e 	ff 	25 
2e 	0 	25 
2e 	0 	0 
2e 	0 	0 
1f 	0 	0 
1f 	44 	0 
1f 	44 	0 
1f 	44 	0 
f3 	44 	0 
f3 	f 	0 
f3 	f 	1e 
f3 	f 	1e 
f2 	f 	1e 
f2 	ff 	1e 
f2 	ff 	25 
f2 	ff 	25 
2e 	ff 	25 
2e 	0 	25 
2e 	0 	0 
2e 	0 	0 
1f 	0 	0 
1f 	44 	0 
1f 	44 	0 
1f 	44 	0 
f3 	44 	0 
f3 	f 	0 
f3 	f 	1e 
f3 	f 	1e 
31 	f 	1e 
31 	ed 	1e 
31 	ed 	49 
31 	ed 	49 
d1 	ed 	49 
d1 	5e 	49 
d1 	5e 	48 
d1 	5e 	48 
e2 	5e 	48 
e2 	48 	48 
e2 	48 	83 
e2 	48 	83 
f0 	48 	83 
f0 	50 	83 
f0 	50 	54 
f0 	50 	54 
31 	50 	54 
31 	c0 	54 
31 	c0 	31 
31 	c0 	31 
48 	c0 	31 
48 	8d 	31 
48 	8d 	3d 
48 	8d 	3d 
0 	8d 	3d 
0 	0 	3d 
0 	0 	0 
0 	0 	0 
15 	0 	0 
15 	73 	0 
15 	73 	2e 
15 	73 	2e 
0 	73 	2e 
0 	f4 	2e 
0 	f4 	66 
0 	f4 	66 
f 	f4 	66 
f 	1f 	66 
f 	1f 	84 
f 	1f 	84 
0 	1f 	84 
0 	0 	84 
0 	0 	0 
0 	0 	0 
48 	0 	0 
48 	8d 	0 
48 	8d 	3d 
48 	8d 	3d 
2e 	8d 	3d 
2e 	0 	3d 
2e 	0 	0 
2e 	0 	0 
8d 	0 	0 
8d 	5 	0 
8d 	5 	92 
8d 	5 	92 
0 	5 	92 
0 	0 	92 
0 	0 	48 
0 	0 	48 
f8 	0 	48 
f8 	74 	48 
f8 	74 	15 
f8 	74 	15 
8b 	74 	15 
8b 	5 	15 
8b 	5 	56 
8b 	5 	56 
0 	5 	56 
0 	0 	56 
0 	0 	48 
0 	0 	48 
c0 	0 	48 
c0 	74 	48 
c0 	74 	9 
c0 	74 	9 
e0 	74 	9 
e0 	f 	9 
e0 	f 	1f 
e0 	f 	1f 
0 	f 	1f 
0 	0 	1f 
0 	0 	0 
0 	0 	0 
c3 	0 	0 
c3 	f 	0 
c3 	f 	1f 
c3 	f 	1f 
0 	f 	1f 
0 	0 	1f 
0 	0 	0 
0 	0 	0 
48 	0 	0 
48 	8d 	0 
48 	8d 	3d 
48 	8d 	3d 
2e 	8d 	3d 
2e 	0 	3d 
2e 	0 	0 
2e 	0 	0 
8d 	0 	0 
8d 	35 	0 
8d 	35 	62 
8d 	35 	62 
0 	35 	62 
0 	0 	62 
0 	0 	48 
0 	0 	48 
fe 	0 	48 
fe 	48 	48 
fe 	48 	89 
fe 	48 	89 
48 	48 	89 
48 	c1 	89 
48 	c1 	ee 
48 	c1 	ee 
48 	c1 	ee 
48 	c1 	ee 
48 	c1 	f8 
48 	c1 	f8 
48 	c1 	f8 
48 	1 	f8 
48 	1 	c6 
48 	1 	c6 
d1 	1 	c6 
d1 	fe 	c6 
d1 	fe 	74 
d1 	fe 	74 
48 	fe 	74 
48 	8b 	74 
48 	8b 	5 
48 	8b 	5 
2e 	8b 	5 
2e 	0 	5 
2e 	0 	0 
2e 	0 	0 
85 	0 	0 
85 	c0 	0 
85 	c0 	74 
85 	c0 	74 
ff 	c0 	74 
ff 	e0 	74 
ff 	e0 	66 
ff 	e0 	66 
1f 	e0 	66 
1f 	44 	66 
1f 	44 	0 
1f 	44 	0 
c3 	44 	0 
c3 	f 	0 
c3 	f 	1f 
c3 	f 	1f 
0 	f 	1f 
0 	0 	1f 
0 	0 	0 
0 	0 	0 
f3 	0 	0 
f3 	f 	0 
f3 	f 	1e 
f3 	f 	1e 
80 	f 	1e 
80 	3d 	1e 
80 	3d 	25 
80 	3d 	25 
0 	3d 	25 
0 	0 	25 
0 	0 	0 
0 	0 	0 
2b 	0 	0 
2b 	55 	0 
2b 	55 	48 
2b 	55 	48 
3d 	55 	48 
3d 	2 	48 
3d 	2 	2e 
3d 	2 	2e 
0 	2 	2e 
0 	0 	2e 
0 	0 	48 
0 	0 	48 
e5 	0 	48 
e5 	74 	48 
e5 	74 	c 
e5 	74 	c 
8b 	74 	c 
8b 	3d 	c 
8b 	3d 	6 
8b 	3d 	6 
0 	3d 	6 
0 	0 	6 
0 	0 	e8 
0 	0 	e8 
fe 	0 	e8 
fe 	ff 	e8 
fe 	ff 	ff 
fe 	ff 	ff 
64 	ff 	ff 
64 	ff 	ff 
64 	ff 	ff 
64 	ff 	ff 
c6 	ff 	ff 
c6 	5 	ff 
c6 	5 	fd 
c6 	5 	fd 
0 	5 	fd 
0 	0 	fd 
0 	0 	1 
0 	0 	1 
c3 	0 	1 
c3 	f 	1 
c3 	f 	1f 
c3 	f 	1f 
c3 	f 	1f 
c3 	f 	1f 
c3 	f 	1f 
c3 	f 	1f 
0 	f 	1f 
0 	0 	1f 
0 	0 	0 
0 	0 	0 
f3 	0 	0 
f3 	f 	0 
f3 	f 	1e 
f3 	f 	1e 
e9 	f 	1e 
e9 	77 	1e 
e9 	77 	ff 
e9 	77 	ff 
ff 	77 	ff 
ff 	f3 	ff 
ff 	f3 	f 
ff 	f3 	f 
fa 	f3 	f 
fa 	55 	f 
fa 	55 	48 
fa 	55 	48 
e5 	55 	48 
e5 	48 	48 
e5 	48 	83 
e5 	48 	83 
40 	48 	83 
40 	89 	83 
40 	89 	7d 
40 	89 	7d 
48 	89 	7d 
48 	89 	7d 
48 	89 	75 
48 	89 	75 
64 	89 	75 
64 	48 	75 
64 	48 	8b 
64 	48 	8b 
25 	48 	8b 
25 	28 	8b 
25 	28 	0 
25 	28 	0 
0 	28 	0 
0 	48 	0 
0 	48 	89 
0 	48 	89 
f8 	48 	89 
f8 	31 	89 
f8 	31 	c0 
f8 	31 	c0 
45 	31 	c0 
45 	d4 	c0 
45 	d4 	0 
45 	d4 	0 
0 	d4 	0 
0 	0 	0 
0 	0 	c7 
0 	0 	c7 
dc 	0 	c7 
dc 	1 	c7 
dc 	1 	0 
dc 	1 	0 
0 	1 	0 
0 	c7 	0 
0 	c7 	45 
0 	c7 	45 
2 	c7 	45 
2 	0 	45 
2 	0 	0 
2 	0 	0 
c7 	0 	0 
c7 